1 0 1 40 <>1-40-10
2 0 1 41 <>1-41-11
3 0 1 42 <>1-42-12
4 0 1 43 <>1-43-13
5 0 1 43 <>1-43-14
6 0 1 43 <>1-43-15
7 0 1 44 <>1-44-16
8 0 1 44 <>1-44-17

1 0 1 45 <>1-45-18
2 0 1 46 <>1-46-20
3 0 1 46 <>1-46-21
4 0 1 46 <>1-46-22
5 0 1 47 <>1-47-23
6 0 2 70 <>2-70-9
7 0 3 90 <>3-90-6
8 0 3 90 <>3-90-7
9 0 3 92 <>3-92-9
10 0 3 92 <>3-92-10
11 0 3 93 <>3-93-11
12 0 3 93 <>3-93-12
13 0 4 100 <>4-100-1
14 0 4 100 <>4-100-2
15 0 4 100 <>4-100-3
16 0 4 101 <>4-101-4
17 0 4 101 <>4-101-5
18 0 4 102 <>4-102-6
19 0 4 102 <>4-102-8
20 0 4 106 <>4-106-13
21 0 4 113 <>4-113-16
22 0 5 124 <>5-124-3
23 0 5 124 <>5-124-4
24 0 5 124 <>5-124-5
25 0 5 124 <>5-124-6
26 0 5 124 <>5-124-7
27 0 5 124 <>5-124-8
28 0 5 124 <>5-124-9
29 0 5 124 <>5-124-10
30 0 5 131 <>5-131-11
31 0 5 131 <>5-131-12
32 0 5 131 <>5-131-13
33 0 5 131 <>5-131-14
34 0 5 131 <>5-131-15
35 0 5 131 <>5-131-16
36 0 5 131 <>5-131-17
37 0 5 131 <>5-131-18
38 0 5 131 <>5-131-19
39 0 5 131 <>5-131-20
40 0 6 148 <>6-148-6
41 0 6 149 <>6-149-7
42 0 6 149 <>6-149-8
43 0 6 152 <>6-152-10
44 0 6 154 <>6-154-12
45 0 6 154 <>6-154-13
46 0 6 154 <>6-154-14
47 0 6 155 <>6-155-15
48 0 6 155 <>6-155-16
49 0 6 156 <>6-156-17
50 0 6 156 <>6-156-18
51 0 6 158 <>6-158-19
52 0 6 158 <>6-158-20
53 0 6 160 <>6-160-21
54 0 6 161 <>6-161-23
55 0 6 161 <>6-161-24
56 0 6 162 <>6-162-25
57 0 6 162 <>6-162-26
58 0 6 162 <>6-162-27
59 0 6 162 <>6-162-28
60 0 6 162 <>6-162-29
61 0 6 163 <>6-163-31
62 0 6 164 <>6-164-32
63 0 6 164 <>6-164-33
64 0 6 164 <>6-164-34
65 0 6 165 <>6-165-37
66 0 6 165 <>6-165-38
67 0 6 167 <>6-167-40
68 0 6 167 <>6-167-41
69 0 6 168 <>6-168-42
70 0 6 169 <>6-169-43
71 0 6 169 <>6-169-44
72 0 6 169 <>6-169-45
73 0 6 170 <>6-170-46
74 0 7 176 <>7-176-1
75 0 7 180 <>7-180-6
76 0 7 180 <>7-180-7
77 0 7 181 <>7-181-8
78 0 7 181 <>7-181-9
79 0 7 181 <>7-181-10
80 0 7 182 <>7-182-11
81 0 7 182 <>7-182-12
82 0 7 182 <>7-182-13
83 0 7 183 <>7-183-14
84 0 7 183 <>7-183-15
85 0 7 183 <>7-183-16
86 0 7 184 <>7-184-18
87 0 7 185 <>7-185-20
88 0 7 186 <>7-186-21
89 0 7 186 <>7-186-22
90 0 7 187 <>7-187-23
91 0 7 187 <>7-187-24
92 0 7 188 <>7-188-25
93 0 7 188 <>7-188-26
94 0 7 189 <>7-189-27
95 0 7 189 <>7-189-28
96 0 7 190 <>7-190-29
97 0 7 190 <>7-190-30
98 0 7 190 <>7-190-31
99 0 7 190 <>7-190-32
100 0 7 191 <>7-191-33
101 0 7 191 <>7-191-34
102 0 7 192 <>7-192-35
103 0 7 192 <>7-192-36
104 0 7 193 <>7-193-37
105 0 7 193 <>7-193-38
106 0 7 193 <>7-193-39
107 0 7 193 <>7-193-49
108 0 7 194 <>7-194-41
109 0 7 194 <>7-194-42
110 0 7 195 <>7-195-43
111 0 7 195 <>7-195-44
112 0 8 198 <>8-198-1
113 0 8 200 <>8-200-3
114 0 8 200 <>8-200-4
115 0 8 201 <>8-201-5
116 0 8 203 <>8-203-0
117 0 8 203 <>8-203-9
118 0 8 203 <>8-203-10
119 0 8 203 <>8-203-11
120 0 8 203 <>8-203-12
121 0 8 204 <>8-204-13
122 0 8 204 <>8-204-14
123 0 8 205 <>8-205-15
124 0 8 205 <>8-205-16
125 0 8 205 <>8-205-17
126 0 8 206 <>8-206-18
127 0 8 207 <>8-207-21
128 0 8 208 <>8-208-22
129 0 8 209 <>8-209-23
130 0 8 209 <>8-209-24
131 0 8 210 <>8-210-25
132 0 8 210 <>8-210-26
133 0 8 211 <>8-211-25
134 0 8 211 <>8-211-26
135 0 8 213 <>8-213-30
136 0 8 213 <>8-213-31
137 0 8 213 <>8-213-32
138 0 8 213 <>8-213-33
139 0 8 213 <>8-213-34
140 0 8 214 <>8-214-35
141 0 8 215 <>8-215-36
142 0 9 222 <>9-222-1
143 0 9 223 <>9-223-2
144 0 9 223 <>9-223-3
145 0 9 226 <>9-226-4
146 0 9 226 <>9-226-5
147 0 9 227 <>9-227-6
148 0 9 227 <>9-227-7
149 0 9 233 <>9-233-9
150 0 9 236 <>9-236-11
151 0 9 236 <>9-236-12
152 0 9 236 <>9-236-13
153 0 9 236 <>9-236-14
154 0 10 245 <>10-245-0
155 0 10 246 <>10-246-2
156 0 10 246 <>10-246-3
157 0 10 246 <>10-246-4
158 0 10 247 <>10-247-8
159 0 10 248 <>10-248-11
160 0 10 248 <>10-248-12
161 0 10 249 <>10-249-14
162 0 10 250 <>10-250-15
163 0 10 252 <>10-252-16
164 0 10 254 <>10-254-17
165 0 10 254 <>10-254-18
166 0 10 256 <>10-256-19
167 0 10 256 <>10-256-20
168 0 10 257 <>10-257-21
169 0 10 257 <>10-257-22
170 0 10 257 <>10-257-23
171 0 10 257 <>10-257-24
172 0 10 257 <>10-257-25
173 0 10 257 <>10-257-26
174 0 10 260 <>10-260-27
175 0 10 260 <>10-260-28
176 0 10 260 <>10-260-29
177 0 10 261 <>10-261-30
178 0 10 262 <>10-262-31
179 0 11 264 <>11-264-1
180 0 11 264 <>11-264-2
181 0 11 265 <>11-265-3
182 0 11 265 <>11-265-4
183 0 11 267 <>11-267-5
184 0 11 270 <>11-270-6
185 0 11 270 <>11-270-7
186 0 11 271 <>11-271-8
187 0 11 271 <>11-271-9
188 0 11 271 <>11-271-10
189 0 11 272 <>11-272-11
190 0 11 272 <>11-272-12
191 0 11 272 <>11-272-13
192 0 11 272 <>11-272-14
193 0 11 273 <>11-273-15
194 0 11 274 <>11-274-16
195 0 11 274 <>11-274-17
196 0 11 275 <>11-275-18
197 0 11 276 <>11-276-19
198 0 11 277 <>11-277-20
199 0 11 277 <>11-277-21
200 0 11 277 <>11-277-22
201 0 11 277 <>11-277-23
202 0 11 278 <>11-278-24
203 0 11 278 <>11-278-25
204 0 11 278 <>11-278-26
205 0 11 279 <>11-279-27
206 0 11 280 <>11-280-28
207 0 11 280 <>11-280-29
208 0 11 281 <>11-281-30
209 0 11 281 <>11-281-31
210 0 11 282 <>11-282-32
211 0 11 282 <>11-282-33
212 0 11 283 <>11-283-34
213 0 11 283 <>11-283-35
214 0 11 284 <>11-284-36
215 0 12 290 <>12-290-1
216 0 12 290 <>12-290-2
217 0 12 290 <>12-290-3
218 0 12 291 <>12-291-4
219 0 12 292 <>12-292-5
220 0 13 313 <>13-313-5
221 0 13 316 <>13-316-11
222 0 13 319 <>13-319-21
223 0 13 319 <>13-319-22
224 0 13 322 <>13-322-25
225 0 13 322 <>13-322-27
226 0 13 323 <>13-323-29
227 0 13 325 <>13-325-35
228 0 13 325 <>13-325-36
229 0 13 332 <>13-332-50
230 0 14 338 <>14-338-1
231 0 14 338 <>14-338-2
232 0 14 341 <>14-341-7
233 0 14 341 <>14-341-8
234 0 14 341 <>14-341-9
235 0 14 342 <>14-342-10
236 0 14 343 <>14-343-12
237 0 14 343 <>14-343-13
238 0 14 343 <>14-343-14
239 0 14 343 <>14-343-15
240 0 14 343 <>14-343-16
241 0 14 344 <>14-344-18
242 0 14 345 <>14-345-20
243 0 14 345 <>14-345-22
244 0 14 346 <>14-346-23
245 0 14 346 <>14-346-25
246 0 14 347 <>14-347-28
247 0 14 347 <>14-347-29
248 0 14 347 <>14-347-30
249 0 14 347 <>14-347-31
250 0 14 348 <>14-348-34
251 0 14 348 <>14-348-35
252 0 14 348 <>14-348-36
253 0 14 349 <>14-349-38
254 0 14 350 <>14-350-39
255 0 14 350 <>14-350-40
256 0 14 350 <>14-350-41
257 0 14 350 <>14-350-42
258 0 14 351 <>14-351-43
259 0 14 351 <>14-351-44
260 0 14 352 <>14-352-45
261 0 14 352 <>14-352-46
262 0 14 352 <>14-352-47
263 0 14 352 <>14-352-48
264 0 14 353 <>14-353-52
265 0 14 353 <>14-353-54
266 0 14 354 <>14-354-56
267 0 14 355 <>14-355-61
268 0 14 356 <>14-356-63
269 0 14 356 <>14-356-65
270 0 14 356 <>14-356-67
271 0 14 357 <>14-357-70
272 0 14 358 <>14-358-72
273 0 14 358 <>14-358-73
274 0 14 359 <>14-359-74
275 0 14 359 <>14-359-75
276 0 14 359 <>14-359-72
277 0 14 362 <>14-362-81
278 0 15 369 <>15-369-1
279 0 15 369 <>15-369-2
280 0 15 369 <>15-369-3
281 0 15 370 <>15-370-4
282 0 15 370 <>15-370-5
283 0 15 370 <>15-370-6
284 0 15 370 <>15-370-7
285 0 15 370 <>15-370-8
286 0 15 372 <>15-372-11
287 0 15 372 <>15-372-12
288 0 15 372 <>15-372-13
289 0 15 372 <>15-372-14
290 0 15 373 <>15-373-15
291 0 15 373 <>15-373-16
292 0 15 373 <>15-373-17
293 0 15 374 <>15-374-18
294 0 15 374 <>15-374-19
295 0 15 375 <>15-375-20
296 0 15 375 <>15-375-21
297 0 15 375 <>15-375-22
298 0 15 375 <>15-375-23
299 0 15 375 <>15-375-24
300 0 15 375 <>15-375-25
301 0 15 375 <>15-375-26
302 0 15 377 <>15-377-27
303 0 15 377 <>15-377-28
304 0 15 378 <>15-378-33
305 0 15 378 <>15-378-34
306 0 15 378 <>15-378-35
307 0 15 378 <>15-378-36
308 0 15 379 <>15-379-37
309 0 15 379 <>15-379-38
310 0 15 379 <>15-379-39
311 0 15 379 <>15-379-40
312 0 15 379 <>15-379-41
313 0 15 380 <>15-380-42
314 0 15 380 <>15-380-43
315 0 15 380 <>15-380-44
316 0 15 380 <>15-380-45
317 0 15 380 <>15-380-46
318 0 15 380 <>15-380-47
319 0 15 381 <>15-381-48
320 0 15 381 <>15-381-49
321 0 15 381 <>15-381-50
322 0 15 381 <>15-381-51
323 0 15 381 <>15-381-52
324 0 15 382 <>15-382-53
325 0 15 382 <>15-382-54
326 0 16 395 <>16-395-9
327 0 16 397 <>16-397-11
328 0 16 403 <>16-403-25
329 0 17 406 <>17-406-1
330 0 17 408 <>17-408-2
331 0 17 409 <>17-409-3
332 0 17 409 <>17-409-4
333 0 17 410 <>17-410-5
334 0 17 411 <>17-411-6
335 0 17 412 <>17-412-7
336 0 17 412 <>17-412-9
337 0 17 413 <>17-413-10
338 0 17 413 <>17-413-12
339 0 17 414 <>17-414-13
340 0 17 414 <>17-414-14
341 0 17 415 <>17-415-15
342 0 17 415 <>17-415-16
343 0 17 416 <>17-416-17
344 0 17 416 <>17-416-18
345 0 17 417 <>17-417-19
346 0 17 417 <>17-417-21
347 0 17 418 <>17-418-22
348 0 17 418 <>17-418-23
349 0 17 418 <>17-418-24
350 0 17 419 <>17-419-25
351 0 17 419 <>17-419-26
352 0 17 420 <>17-420-27
353 0 17 421 <>17-421-28
354 0 17 421 <>17-421-29
355 0 17 421 <>17-421-30
356 0 17 422 <>17-422-31
357 0 17 422 <>17-422-32
358 0 17 423 <>17-423-33
359 0 17 423 <>17-423-34
360 0 17 424 <>17-424-35
361 0 18 433 <>18-433-1
362 0 18 433 <>18-433-2
363 0 18 433 <>18-433-3
364 0 18 433 <>18-433-4
365 0 18 433 <>18-433-5
366 0 18 434 <>18-434-6
367 0 18 434 <>18-434-7
368 0 18 434 <>18-434-8
369 0 18 434 <>18-434-9
370 0 18 434 <>18-434-10
371 0 18 435 <>18-435-11
372 0 18 436 <>18-436-12
373 0 18 436 <>18-436-13
374 0 18 436 <>18-436-14
375 0 18 436 <>18-436-15
376 0 18 436 <>18-436-16
377 0 18 437 <>18-437-17
378 0 18 437 <>18-437-18
379 0 18 437 <>18-437-19
380 0 18 437 <>18-437-20
381 0 18 438 <>18-438-21
382 0 18 438 <>18-438-22
383 0 18 438 <>18-438-23
384 0 18 438 <>18-438-24
385 0 18 438 <>18-438-25
386 0 18 438 <>18-438-26
387 0 18 439 <>18-439-27
388 0 18 439 <>18-439-28
389 0 18 440 <>18-440-29
390 0 18 440 <>18-440-30
391 0 18 440 <>18-440-31
392 0 18 440 <>18-440-32
393 0 18 441 <>18-441-33
394 0 18 441 <>18-441-34
395 0 18 441 <>18-441-35
396 0 18 442 <>18-442-36
397 0 18 442 <>18-442-37
398 0 18 443 <>18-443-38
399 0 18 443 <>18-443-39
400 0 18 443 <>18-443-40
401 0 18 444 <>18-444-41
402 0 18 444 <>18-444-42
403 0 18 444 <>18-444-43
404 0 18 445 <>18-445-44
405 0 18 445 <>18-445-45
406 0 18 445 <>18-445-46
407 0 18 446 <>18-446-25
408 0 19 450 <>19-450-1
409 0 19 450 <>19-450-2
410 0 19 451 <>19-451-3
411 0 19 451 <>19-451-4
412 0 19 452 <>19-452-6
413 0 19 452 <>19-452-7
414 0 19 452 <>19-452-8
415 0 19 455 <>19-455-9
416 0 19 456 <>19-456-12
417 0 19 456 <>19-456-13
418 0 19 456 <>19-456-14
419 0 19 456 <>19-456-15
420 0 19 457 <>19-457-16
421 0 19 457 <>19-457-17
422 0 19 457 <>19-457-18
423 0 19 458 <>19-458-9
424 0 19 458 <>19-458-21
425 0 19 458 <>19-458-22
426 0 19 459 <>19-459-23
427 0 19 459 <>19-459-24
428 0 19 459 <>19-459-25
429 0 19 460 <>19-460-28
430 0 19 460 <>19-460-29
431 0 19 461 <>19-461-30
432 0 19 461 <>19-461-31
433 0 19 461 <>19-461-32
434 0 19 461 <>19-461-33
435 0 19 461 <>19-461-34
436 0 19 461 <>19-461-35
437 0 19 461 <>19-461-36
438 0 19 462 <>19-462-37
439 0 19 462 <>19-462-38
440 0 19 462 <>19-462-39
441 0 19 462 <>19-462-40
442 0 19 462 <>19-462-41
443 0 19 462 <>19-462-42
444 0 19 463 <>19-463-43
445 0 19 463 <>19-463-44
446 0 21 503 <>21-503-1
447 0 21 503 <>21-503-2
448 0 21 503 <>21-503-3
449 0 21 503 <>21-503-4
450 0 21 504 <>21-504-5
451 0 21 504 <>21-504-6
452 0 21 506 <>21-506-7
453 0 22 511 <>22-511-1
454 0 22 512 <>22-512-2
455 0 22 512 <>22-512-3
456 0 22 521 <>22-521-7
457 0 22 521 <>22-521-9
458 0 22 522 <>22-522-10
459 0 22 525 <>22-525-14
460 0 22 523 <>22-523-12
461 0 22 526 <>22-526-15
462 0 22 526 <>22-526-16
463 0 23 541 <>23-541-1
464 0 23 542 <>23-542-2
465 0 23 546 <>23-546-3
466 0 23 546 <>23-546-4
467 0 23 546 <>23-546-5
468 0 23 546 <>23-546-6
469 0 23 546 <>23-546-7
470 0 23 546 <>23-546-8
471 0 23 547 <>23-547-9
472 0 23 547 <>23-547-10
473 0 23 547 <>23-547-11
474 0 23 547 <>23-547-12
475 0 23 547 <>23-547-13
476 0 23 547 <>23-547-14
477 0 23 547 <>23-547-15
478 0 23 548 <>23-548-16
479 0 23 549 <>23-549-17
480 0 23 549 <>23-549-18
481 0 23 549 <>23-549-19
482 0 23 549 <>23-549-20
483 0 23 550 <>23-550-21
484 0 23 550 <>23-550-22
485 0 23 551 <>23-551-23
486 0 23 552 <>23-552-24
487 0 23 552 <>23-552-25
488 0 23 553 <>23-553-26
489 0 23 555 <>23-555-27
490 0 23 556 <>23-556-28
491 0 23 556 <>23-556-29
492 0 23 557 <>23-557-30
493 0 23 557 <>23-557-31
494 0 23 557 <>23-557-32
495 0 23 558 <>23-558-33
496 0 23 558 <>23-558-34
497 0 23 558 <>23-558-35
498 0 24 576 <>24-576-5
499 0 24 577 <>24-577-6
500 0 24 578 <>24-578-7
501 0 24 578 <>24-578-8
502 0 24 582 <>24-582-15
503 0 25 586 <>25-586-3
504 0 25 586 <>25-586-4
505 0 25 593 <>25-593-13
506 0 26 603 <>26-603-1
507 0 26 603 <>26-603-2
508 0 26 617 <>26-617-10
509 0 26 618 <>26-618-11
510 0 26 618 <>26-618-12
511 0 26 618 <>26-618-13
512 0 26 618 <>26-618-14
513 0 26 618 <>26-618-15
514 0 27 632 <>27-632-2
515 0 27 632 <>27-632-3
516 0 27 632 <>27-632-4
517 0 27 638 <>27-638-11
518 0 27 642 <>27-642-13
519 0 28 658 <>28-658-1
520 0 28 661 <>28-661-4
521 0 28 662 <>28-662-5
522 0 28 664 <>28-664-7
523 0 28 665 <>28-665-9
524 0 28 665 <>28-665-10
525 0 28 666 <>28-666-11
526 0 28 668 <>28-668-13
527 0 28 668 <>28-668-14
528 0 28 668 <>28-668-0
529 0 28 669 <>28-669-16
530 0 28 669 <>28-669-17
531 0 28 669 <>28-669-18
532 0 28 670 <>28-670-19
533 0 28 671 <>28-671-22
534 0 28 675 <>28-675-24
535 0 28 675 <>28-675-25
536 0 28 675 <>28-675-26
537 0 28 675 <>28-675-27
538 0 29 687 <>29-687-2
539 0 29 687 <>29-687-3
540 0 29 689 <>29-689-5
541 0 0 0 <>0-0-6
542 0 29 691 <>29-691-7
543 0 29 694 <>29-694-8
544 0 29 694 <>29-694-9
545 0 30 698 <>30-698-1
546 0 30 699 <>30-699-2
547 0 30 700 <>30-700-3
548 0 30 700 <>30-700-4
549 0 30 702 <>30-702-7
550 0 30 703 <>30-703-10
551 0 30 703 <>30-703-11
552 0 30 704 <>30-704-12
553 0 30 704 <>30-704-13
554 0 30 705 <>30-705-14
555 0 30 705 <>30-705-15
556 0 30 705 <>30-705-16
557 0 30 706 <>30-706-17
558 0 30 706 <>30-706-18
559 0 30 707 <>30-707-19
560 0 30 707 <>30-707-20
561 0 30 708 <>30-708-21
562 0 30 708 <>30-708-22
563 0 30 708 <>30-708-23
564 0 30 708 <>30-708-24
565 0 30 708 <>30-708-25
566 0 30 709 <>30-709-26
567 0 30 709 <>30-709-27
568 0 30 709 <>30-709-28
569 0 30 709 <>30-709-29
570 0 30 709 <>30-709-30
571 0 30 710 <>30-710-31
572 0 30 710 <>30-710-32
573 0 30 711 <>30-711-33
574 0 30 711 <>30-711-34
575 0 30 711 <>30-711-35
576 0 30 711 <>30-711-36
577 0 30 712 <>30-712-37
578 0 30 712 <>30-712-38
579 0 30 712 <>30-712-39
580 0 30 712 <>30-712-40
581 0 30 713 <>30-713-41
582 0 30 714 <>30-714-42
583 0 30 714 <>30-714-43
584 0 30 714 <>30-714-44
585 0 30 714 <>30-714-45
586 0 30 715 <>30-715-46
587 0 30 715 <>30-715-47
588 0 30 715 <>30-715-48
589 0 30 715 <>30-715-49
590 0 30 716 <>30-716-50
591 0 30 716 <>30-716-52
592 0 30 716 <>30-716-53
593 0 30 716 <>30-716-54
594 0 30 717 <>30-717-55
595 0 30 717 <>30-717-56
596 0 30 717 <>30-717-57
597 0 30 717 <>30-717-58
598 0 30 718 <>30-718-59
599 0 30 718 <>30-718-61
600 0 32 747 <>32-747-1
601 0 32 747 <>32-747-2
602 0 32 753 <>32-753-8
603 0 32 756 <>32-756-12
604 0 32 756 <>32-756-13
605 0 32 758 <>32-758-14
606 0 32 759 <>32-759-15
607 0 32 759 <>32-759-16
608 0 32 761 <>32-761-18
609 0 32 763 <>32-763-22
