9 0 1 40 <>1-40-10
10 0 1 41 <>1-41-11
11 0 1 42 <>1-42-12
12 0 1 43 <>1-43-13
13 0 1 43 <>1-43-14
14 0 1 43 <>1-43-15
15 0 1 44 <>1-44-16
16 0 1 44 <>1-44-17
17 0 1 45 <>1-45-18
18 0 1 46 <>1-46-20
19 0 1 46 <>1-46-21
20 0 1 46 <>1-46-22
21 0 1 47 <>1-47-23
22 0 2 70 <>2-70-9
23 0 3 90 <>3-90-6
24 0 3 90 <>3-90-7
25 0 3 92 <>3-92-9
26 0 3 92 <>3-92-10
27 0 3 93 <>3-93-11
28 0 3 93 <>3-93-12
29 0 4 100 <>4-100-1
30 0 4 100 <>4-100-2
31 0 4 100 <>4-100-3
32 0 4 101 <>4-101-4
33 0 4 101 <>4-101-5
34 0 4 102 <>4-102-6
35 0 4 102 <>4-102-8
36 0 4 106 <>4-106-13
37 0 4 113 <>4-113-16
38 0 5 124 <>5-124-3
39 0 5 124 <>5-124-4
40 0 5 124 <>5-124-5
41 0 5 124 <>5-124-6
42 0 5 124 <>5-124-7
43 0 5 124 <>5-124-8
44 0 5 124 <>5-124-9
45 0 5 124 <>5-124-10
46 0 5 131 <>5-131-11
47 0 5 131 <>5-131-12
48 0 5 131 <>5-131-13
49 0 5 131 <>5-131-14
50 0 5 131 <>5-131-15
51 0 5 131 <>5-131-16
52 0 5 131 <>5-131-17
53 0 5 131 <>5-131-18
54 0 5 131 <>5-131-19
55 0 5 131 <>5-131-20
56 0 6 148 <>6-148-6
57 0 6 149 <>6-149-7
58 0 6 149 <>6-149-8
59 0 6 152 <>6-152-10
60 0 6 154 <>6-154-12
61 0 6 154 <>6-154-13
62 0 6 154 <>6-154-14
63 0 6 155 <>6-155-15
64 0 6 155 <>6-155-16
65 0 6 156 <>6-156-17
66 0 6 156 <>6-156-18
67 0 6 158 <>6-158-19
68 0 6 158 <>6-158-20
69 0 6 160 <>6-160-21
70 0 6 161 <>6-161-23
71 0 6 161 <>6-161-24
72 0 6 162 <>6-162-25
73 0 6 162 <>6-162-26
74 0 6 162 <>6-162-27
75 0 6 162 <>6-162-28
76 0 6 162 <>6-162-29
77 0 6 163 <>6-163-31
78 0 6 164 <>6-164-32
79 0 6 164 <>6-164-33
80 0 6 164 <>6-164-34
81 0 6 165 <>6-165-37
82 0 6 165 <>6-165-38
83 0 6 167 <>6-167-40
84 0 6 167 <>6-167-41
85 0 6 168 <>6-168-42
86 0 6 169 <>6-169-43
87 0 6 169 <>6-169-44
88 0 6 169 <>6-169-45
89 0 6 170 <>6-170-46
90 0 7 176 <>7-176-1
91 0 7 180 <>7-180-6
92 0 7 180 <>7-180-7
93 0 7 181 <>7-181-8
94 0 7 181 <>7-181-9
95 0 7 181 <>7-181-10
96 0 7 182 <>7-182-11
97 0 7 182 <>7-182-12
98 0 7 182 <>7-182-13
99 0 7 183 <>7-183-14
100 0 7 183 <>7-183-15
101 0 7 183 <>7-183-16
102 0 7 184 <>7-184-18
103 0 7 185 <>7-185-20
104 0 7 186 <>7-186-21
105 0 7 186 <>7-186-22
106 0 7 187 <>7-187-23
107 0 7 187 <>7-187-24
108 0 7 188 <>7-188-25
109 0 7 188 <>7-188-26
110 0 7 189 <>7-189-27
111 0 7 189 <>7-189-28
112 0 7 190 <>7-190-29
113 0 7 190 <>7-190-30
114 0 7 190 <>7-190-31
115 0 7 190 <>7-190-32
116 0 7 191 <>7-191-33
117 0 7 191 <>7-191-34
118 0 7 192 <>7-192-35
119 0 7 192 <>7-192-36
120 0 7 193 <>7-193-37
121 0 7 193 <>7-193-38
122 0 7 193 <>7-193-39
123 0 7 193 <>7-193-49
124 0 7 194 <>7-194-41
125 0 7 194 <>7-194-42
126 0 7 195 <>7-195-43
127 0 7 195 <>7-195-44
128 0 8 198 <>8-198-1
129 0 8 200 <>8-200-3
130 0 8 200 <>8-200-4
131 0 8 201 <>8-201-5
132 0 8 203 <>8-203-0
133 0 8 203 <>8-203-9
134 0 8 203 <>8-203-10
135 0 8 203 <>8-203-11
136 0 8 203 <>8-203-12
137 0 8 204 <>8-204-13
138 0 8 204 <>8-204-14
139 0 8 205 <>8-205-15
140 0 8 205 <>8-205-16
141 0 8 205 <>8-205-17
142 0 8 206 <>8-206-18
143 0 8 207 <>8-207-21
144 0 8 208 <>8-208-22
145 0 8 209 <>8-209-23
146 0 8 209 <>8-209-24
147 0 8 210 <>8-210-25
148 0 8 210 <>8-210-26
149 0 8 211 <>8-211-25
150 0 8 211 <>8-211-26
151 0 8 213 <>8-213-30
152 0 8 213 <>8-213-31
153 0 8 213 <>8-213-32
154 0 8 213 <>8-213-33
155 0 8 213 <>8-213-34
156 0 8 214 <>8-214-35
157 0 8 215 <>8-215-36
158 0 9 222 <>9-222-1
159 0 9 223 <>9-223-2
160 0 9 223 <>9-223-3
161 0 9 226 <>9-226-4
162 0 9 226 <>9-226-5
163 0 9 227 <>9-227-6
164 0 9 227 <>9-227-7
165 0 9 233 <>9-233-9
166 0 9 236 <>9-236-11
167 0 9 236 <>9-236-12
168 0 9 236 <>9-236-13
169 0 9 236 <>9-236-14
170 0 10 245 <>10-245-0
171 0 10 246 <>10-246-2
172 0 10 246 <>10-246-3
173 0 10 246 <>10-246-4
174 0 10 247 <>10-247-8
175 0 10 248 <>10-248-11
176 0 10 248 <>10-248-12
177 0 10 249 <>10-249-14
178 0 10 250 <>10-250-15
179 0 10 252 <>10-252-16
180 0 10 254 <>10-254-17
181 0 10 254 <>10-254-18
182 0 10 256 <>10-256-19
183 0 10 256 <>10-256-20
184 0 10 257 <>10-257-21
185 0 10 257 <>10-257-22
186 0 10 257 <>10-257-23
187 0 10 257 <>10-257-24
188 0 10 257 <>10-257-25
189 0 10 257 <>10-257-26
190 0 10 260 <>10-260-27
191 0 10 260 <>10-260-28
192 0 10 260 <>10-260-29
193 0 10 261 <>10-261-30
194 0 10 262 <>10-262-31
195 0 11 264 <>11-264-1
196 0 11 264 <>11-264-2
197 0 11 265 <>11-265-3
198 0 11 265 <>11-265-4
199 0 11 267 <>11-267-5
200 0 11 270 <>11-270-6
201 0 11 270 <>11-270-7
202 0 11 271 <>11-271-8
203 0 11 271 <>11-271-9
204 0 11 271 <>11-271-10
205 0 11 272 <>11-272-11
206 0 11 272 <>11-272-12
207 0 11 272 <>11-272-13
208 0 11 272 <>11-272-14
209 0 11 273 <>11-273-15
210 0 11 274 <>11-274-16
211 0 11 274 <>11-274-17
212 0 11 275 <>11-275-18
213 0 11 276 <>11-276-19
214 0 11 277 <>11-277-20
215 0 11 277 <>11-277-21
216 0 11 277 <>11-277-22
217 0 11 277 <>11-277-23
218 0 11 278 <>11-278-24
219 0 11 278 <>11-278-25
220 0 11 278 <>11-278-26
221 0 11 279 <>11-279-27
222 0 11 280 <>11-280-28
223 0 11 280 <>11-280-29
224 0 11 281 <>11-281-30
225 0 11 281 <>11-281-31
226 0 11 282 <>11-282-32
227 0 11 282 <>11-282-33
228 0 11 283 <>11-283-34
229 0 11 283 <>11-283-35
230 0 11 284 <>11-284-36
231 0 12 290 <>12-290-1
232 0 12 290 <>12-290-2
233 0 12 290 <>12-290-3
234 0 12 291 <>12-291-4
235 0 12 292 <>12-292-5
236 0 13 313 <>13-313-5
237 0 13 316 <>13-316-11
238 0 13 319 <>13-319-21
239 0 13 319 <>13-319-22
240 0 13 322 <>13-322-25
241 0 13 322 <>13-322-27
242 0 13 323 <>13-323-29
243 0 13 325 <>13-325-35
244 0 13 325 <>13-325-36
245 0 13 332 <>13-332-50
246 0 14 338 <>14-338-1
247 0 14 338 <>14-338-2
248 0 14 341 <>14-341-7
249 0 14 341 <>14-341-8
250 0 14 341 <>14-341-9
251 0 14 342 <>14-342-10
252 0 14 343 <>14-343-12
253 0 14 343 <>14-343-13
254 0 14 343 <>14-343-14
255 0 14 343 <>14-343-15
256 0 14 343 <>14-343-16
257 0 14 344 <>14-344-18
258 0 14 345 <>14-345-20
259 0 14 345 <>14-345-22
260 0 14 346 <>14-346-23
261 0 14 346 <>14-346-25
262 0 14 347 <>14-347-28
263 0 14 347 <>14-347-29
264 0 14 347 <>14-347-30
265 0 14 347 <>14-347-31
266 0 14 348 <>14-348-34
267 0 14 348 <>14-348-35
268 0 14 348 <>14-348-36
269 0 14 349 <>14-349-38
270 0 14 350 <>14-350-39
271 0 14 350 <>14-350-40
272 0 14 350 <>14-350-41
273 0 14 350 <>14-350-42
274 0 14 351 <>14-351-43
275 0 14 351 <>14-351-44
276 0 14 352 <>14-352-45
277 0 14 352 <>14-352-46
278 0 14 352 <>14-352-47
279 0 14 352 <>14-352-48
280 0 14 353 <>14-353-52
281 0 14 353 <>14-353-54
282 0 14 354 <>14-354-56
283 0 14 355 <>14-355-61
284 0 14 356 <>14-356-63
285 0 14 356 <>14-356-65
286 0 14 356 <>14-356-67
287 0 14 357 <>14-357-70
288 0 14 358 <>14-358-72
289 0 14 358 <>14-358-73
290 0 14 359 <>14-359-74
291 0 14 359 <>14-359-75
292 0 14 359 <>14-359-72
293 0 14 362 <>14-362-81
294 0 15 369 <>15-369-1
295 0 15 369 <>15-369-2
296 0 15 369 <>15-369-3
297 0 15 370 <>15-370-4
298 0 15 370 <>15-370-5
299 0 15 370 <>15-370-6
300 0 15 370 <>15-370-7
301 0 15 370 <>15-370-8
302 0 15 372 <>15-372-11
303 0 15 372 <>15-372-12
304 0 15 372 <>15-372-13
305 0 15 372 <>15-372-14
306 0 15 373 <>15-373-15
307 0 15 373 <>15-373-16
308 0 15 373 <>15-373-17
309 0 15 374 <>15-374-18
310 0 15 374 <>15-374-19
311 0 15 375 <>15-375-20
312 0 15 375 <>15-375-21
313 0 15 375 <>15-375-22
314 0 15 375 <>15-375-23
315 0 15 375 <>15-375-24
316 0 15 375 <>15-375-25
317 0 15 375 <>15-375-26
318 0 15 377 <>15-377-27
319 0 15 377 <>15-377-28
320 0 15 378 <>15-378-33
321 0 15 378 <>15-378-34
322 0 15 378 <>15-378-35
323 0 15 378 <>15-378-36
324 0 15 379 <>15-379-37
325 0 15 379 <>15-379-38
326 0 15 379 <>15-379-39
327 0 15 379 <>15-379-40
328 0 15 379 <>15-379-41
329 0 15 380 <>15-380-42
330 0 15 380 <>15-380-43
331 0 15 380 <>15-380-44
332 0 15 380 <>15-380-45
333 0 15 380 <>15-380-46
334 0 15 380 <>15-380-47
335 0 15 381 <>15-381-48
336 0 15 381 <>15-381-49
337 0 15 381 <>15-381-50
338 0 15 381 <>15-381-51
339 0 15 381 <>15-381-52
340 0 15 382 <>15-382-53
341 0 15 382 <>15-382-54
342 0 16 395 <>16-395-9
343 0 16 397 <>16-397-11
344 0 16 403 <>16-403-25
345 0 17 406 <>17-406-1
346 0 17 408 <>17-408-2
347 0 17 409 <>17-409-3
348 0 17 409 <>17-409-4
349 0 17 410 <>17-410-5
350 0 17 411 <>17-411-6
351 0 17 412 <>17-412-7
352 0 17 412 <>17-412-9
353 0 17 413 <>17-413-10
354 0 17 413 <>17-413-12
355 0 17 414 <>17-414-13
356 0 17 414 <>17-414-14
357 0 17 415 <>17-415-15
358 0 17 415 <>17-415-16
359 0 17 416 <>17-416-17
360 0 17 416 <>17-416-18
361 0 17 417 <>17-417-19
362 0 17 417 <>17-417-21
363 0 17 418 <>17-418-22
364 0 17 418 <>17-418-23
365 0 17 418 <>17-418-24
366 0 17 419 <>17-419-25
367 0 17 419 <>17-419-26
368 0 17 420 <>17-420-27
369 0 17 421 <>17-421-28
370 0 17 421 <>17-421-29
371 0 17 421 <>17-421-30
372 0 17 422 <>17-422-31
373 0 17 422 <>17-422-32
374 0 17 423 <>17-423-33
375 0 17 423 <>17-423-34
376 0 17 424 <>17-424-35
377 0 18 433 <>18-433-1
378 0 18 433 <>18-433-2
379 0 18 433 <>18-433-3
380 0 18 433 <>18-433-4
381 0 18 433 <>18-433-5
382 0 18 434 <>18-434-6
383 0 18 434 <>18-434-7
384 0 18 434 <>18-434-8
385 0 18 434 <>18-434-9
386 0 18 434 <>18-434-10
387 0 18 435 <>18-435-11
388 0 18 436 <>18-436-12
389 0 18 436 <>18-436-13
390 0 18 436 <>18-436-14
391 0 18 436 <>18-436-15
392 0 18 436 <>18-436-16
393 0 18 437 <>18-437-17
394 0 18 437 <>18-437-18
395 0 18 437 <>18-437-19
396 0 18 437 <>18-437-20
397 0 18 438 <>18-438-21
398 0 18 438 <>18-438-22
399 0 18 438 <>18-438-23
400 0 18 438 <>18-438-24
401 0 18 438 <>18-438-25
402 0 18 438 <>18-438-26
403 0 18 439 <>18-439-27
404 0 18 439 <>18-439-28
405 0 18 440 <>18-440-29
406 0 18 440 <>18-440-30
407 0 18 440 <>18-440-31
408 0 18 440 <>18-440-32
409 0 18 441 <>18-441-33
410 0 18 441 <>18-441-34
411 0 18 441 <>18-441-35
412 0 18 442 <>18-442-36
413 0 18 442 <>18-442-37
414 0 18 443 <>18-443-38
415 0 18 443 <>18-443-39
416 0 18 443 <>18-443-40
417 0 18 444 <>18-444-41
418 0 18 444 <>18-444-42
419 0 18 444 <>18-444-43
420 0 18 445 <>18-445-44
421 0 18 445 <>18-445-45
422 0 18 445 <>18-445-46
423 0 18 446 <>18-446-25
424 0 19 450 <>19-450-1
425 0 19 450 <>19-450-2
426 0 19 451 <>19-451-3
427 0 19 451 <>19-451-4
428 0 19 452 <>19-452-6
429 0 19 452 <>19-452-7
430 0 19 452 <>19-452-8
431 0 19 455 <>19-455-9
432 0 19 456 <>19-456-12
433 0 19 456 <>19-456-13
434 0 19 456 <>19-456-14
435 0 19 456 <>19-456-15
436 0 19 457 <>19-457-16
437 0 19 457 <>19-457-17
438 0 19 457 <>19-457-18
439 0 19 458 <>19-458-9
440 0 19 458 <>19-458-21
441 0 19 458 <>19-458-22
442 0 19 459 <>19-459-23
443 0 19 459 <>19-459-24
444 0 19 459 <>19-459-25
445 0 19 460 <>19-460-28
446 0 19 460 <>19-460-29
447 0 19 461 <>19-461-30
448 0 19 461 <>19-461-31
449 0 19 461 <>19-461-32
450 0 19 461 <>19-461-33
451 0 19 461 <>19-461-34
452 0 19 461 <>19-461-35
453 0 19 461 <>19-461-36
454 0 19 462 <>19-462-37
455 0 19 462 <>19-462-38
456 0 19 462 <>19-462-39
457 0 19 462 <>19-462-40
458 0 19 462 <>19-462-41
459 0 19 462 <>19-462-42
460 0 19 463 <>19-463-43
461 0 19 463 <>19-463-44
462 0 21 503 <>21-503-1
463 0 21 503 <>21-503-2
464 0 21 503 <>21-503-3
465 0 21 503 <>21-503-4
466 0 21 504 <>21-504-5
467 0 21 504 <>21-504-6
468 0 21 506 <>21-506-7
469 0 22 511 <>22-511-1
470 0 22 512 <>22-512-2
471 0 22 512 <>22-512-3
472 0 22 521 <>22-521-7
473 0 22 521 <>22-521-9
474 0 22 522 <>22-522-10
475 0 22 525 <>22-525-14
476 0 22 523 <>22-523-12
477 0 22 526 <>22-526-15
478 0 22 526 <>22-526-16
479 0 23 541 <>23-541-1
480 0 23 542 <>23-542-2
481 0 23 546 <>23-546-3
482 0 23 546 <>23-546-4
483 0 23 546 <>23-546-5
484 0 23 546 <>23-546-6
485 0 23 546 <>23-546-7
486 0 23 546 <>23-546-8
487 0 23 547 <>23-547-9
488 0 23 547 <>23-547-10
489 0 23 547 <>23-547-11
490 0 23 547 <>23-547-12
491 0 23 547 <>23-547-13
492 0 23 547 <>23-547-14
493 0 23 547 <>23-547-15
494 0 23 548 <>23-548-16
495 0 23 549 <>23-549-17
496 0 23 549 <>23-549-18
497 0 23 549 <>23-549-19
498 0 23 549 <>23-549-20
499 0 23 550 <>23-550-21
500 0 23 550 <>23-550-22
501 0 23 551 <>23-551-23
502 0 23 552 <>23-552-24
503 0 23 552 <>23-552-25
504 0 23 553 <>23-553-26
505 0 23 555 <>23-555-27
506 0 23 556 <>23-556-28
507 0 23 556 <>23-556-29
508 0 23 557 <>23-557-30
509 0 23 557 <>23-557-31
510 0 23 557 <>23-557-32
511 0 23 558 <>23-558-33
512 0 23 558 <>23-558-34
513 0 23 558 <>23-558-35
514 0 24 576 <>24-576-5
515 0 24 577 <>24-577-6
516 0 24 578 <>24-578-7
517 0 24 578 <>24-578-8
518 0 24 582 <>24-582-15
519 0 25 586 <>25-586-3
520 0 25 586 <>25-586-4
521 0 25 593 <>25-593-13
522 0 26 603 <>26-603-1
523 0 26 603 <>26-603-2
524 0 26 617 <>26-617-10
525 0 26 618 <>26-618-11
526 0 26 618 <>26-618-12
527 0 26 618 <>26-618-13
528 0 26 618 <>26-618-14
529 0 26 618 <>26-618-15
530 0 27 632 <>27-632-2
531 0 27 632 <>27-632-3
532 0 27 632 <>27-632-4
533 0 27 638 <>27-638-11
534 0 27 642 <>27-642-13
535 0 28 658 <>28-658-1
536 0 28 661 <>28-661-4
537 0 28 662 <>28-662-5
538 0 28 664 <>28-664-7
539 0 28 665 <>28-665-9
540 0 28 665 <>28-665-10
541 0 28 666 <>28-666-11
542 0 28 668 <>28-668-13
543 0 28 668 <>28-668-14
544 0 28 668 <>28-668-0
545 0 28 669 <>28-669-16
546 0 28 669 <>28-669-17
547 0 28 669 <>28-669-18
548 0 28 670 <>28-670-19
549 0 28 671 <>28-671-22
550 0 28 675 <>28-675-24
551 0 28 675 <>28-675-25
552 0 28 675 <>28-675-26
553 0 28 675 <>28-675-27
554 0 29 687 <>29-687-2
555 0 29 687 <>29-687-3
556 0 29 689 <>29-689-5
557 0 0 0 <>0-0-6
558 0 29 691 <>29-691-7
559 0 29 694 <>29-694-8
560 0 29 694 <>29-694-9
561 0 30 698 <>30-698-1
562 0 30 699 <>30-699-2
563 0 30 700 <>30-700-3
564 0 30 700 <>30-700-4
565 0 30 702 <>30-702-7
566 0 30 703 <>30-703-10
567 0 30 703 <>30-703-11
568 0 30 704 <>30-704-12
569 0 30 704 <>30-704-13
570 0 30 705 <>30-705-14
571 0 30 705 <>30-705-15
572 0 30 705 <>30-705-16
573 0 30 706 <>30-706-17
574 0 30 706 <>30-706-18
575 0 30 707 <>30-707-19
576 0 30 707 <>30-707-20
577 0 30 708 <>30-708-21
578 0 30 708 <>30-708-22
579 0 30 708 <>30-708-23
580 0 30 708 <>30-708-24
581 0 30 708 <>30-708-25
582 0 30 709 <>30-709-26
583 0 30 709 <>30-709-27
584 0 30 709 <>30-709-28
585 0 30 709 <>30-709-29
586 0 30 709 <>30-709-30
587 0 30 710 <>30-710-31
588 0 30 710 <>30-710-32
589 0 30 711 <>30-711-33
590 0 30 711 <>30-711-34
591 0 30 711 <>30-711-35
592 0 30 711 <>30-711-36
593 0 30 712 <>30-712-37
594 0 30 712 <>30-712-38
595 0 30 712 <>30-712-39
596 0 30 712 <>30-712-40
597 0 30 713 <>30-713-41
598 0 30 714 <>30-714-42
599 0 30 714 <>30-714-43
600 0 30 714 <>30-714-44
601 0 30 714 <>30-714-45
602 0 30 715 <>30-715-46
603 0 30 715 <>30-715-47
604 0 30 715 <>30-715-48
605 0 30 715 <>30-715-49
606 0 30 716 <>30-716-50
607 0 30 716 <>30-716-52
608 0 30 716 <>30-716-53
609 0 30 716 <>30-716-54
610 0 30 717 <>30-717-55
611 0 30 717 <>30-717-56
612 0 30 717 <>30-717-57
613 0 30 717 <>30-717-58
614 0 30 718 <>30-718-59
615 0 30 718 <>30-718-61
616 0 32 747 <>32-747-1
617 0 32 747 <>32-747-2
618 0 32 753 <>32-753-8
619 0 32 756 <>32-756-12
620 0 32 756 <>32-756-13
621 0 32 758 <>32-758-14
622 0 32 759 <>32-759-15
623 0 32 759 <>32-759-16
624 0 32 761 <>32-761-18
625 0 32 763 <>32-763-22
