1 1 45 <>1-45-18
2 1 46 <>1-46-20
3 1 46 <>1-46-21
4 1 46 <>1-46-22
5 1 47 <>1-47-23
6 2 70 <>2-70-9
7 3 90 <>3-90-6
8 3 90 <>3-90-7
9 3 92 <>3-92-9
10 3 92 <>3-92-10
11 3 93 <>3-93-11
12 3 93 <>3-93-12
13 4 100 <>4-100-1
14 4 100 <>4-100-2
15 4 100 <>4-100-3
16 4 101 <>4-101-4
17 4 101 <>4-101-5
18 4 102 <>4-102-6
19 4 102 <>4-102-8
20 4 106 <>4-106-13
21 4 113 <>4-113-16
22 5 124 <>5-124-3
23 5 124 <>5-124-4
24 5 124 <>5-124-5
25 5 124 <>5-124-6
26 5 124 <>5-124-7
27 5 124 <>5-124-8
28 5 124 <>5-124-9
29 5 124 <>5-124-10
30 5 131 <>5-131-11
31 5 131 <>5-131-12
32 5 131 <>5-131-13
33 5 131 <>5-131-14
34 5 131 <>5-131-15
35 5 131 <>5-131-16
36 5 131 <>5-131-17
37 5 131 <>5-131-18
38 5 131 <>5-131-19
39 5 131 <>5-131-20
40 6 148 <>6-148-6
41 6 149 <>6-149-7
42 6 149 <>6-149-8
43 6 152 <>6-152-10
44 6 154 <>6-154-12
45 6 154 <>6-154-13
46 6 154 <>6-154-14
47 6 155 <>6-155-15
48 6 155 <>6-155-16
49 6 156 <>6-156-17
50 6 156 <>6-156-18
51 6 158 <>6-158-19
52 6 158 <>6-158-20
53 6 160 <>6-160-21
54 6 161 <>6-161-23
55 6 161 <>6-161-24
56 6 162 <>6-162-25
57 6 162 <>6-162-26
58 6 162 <>6-162-27
59 6 162 <>6-162-28
60 6 162 <>6-162-29
61 6 163 <>6-163-31
62 6 164 <>6-164-32
63 6 164 <>6-164-33
64 6 164 <>6-164-34
65 6 165 <>6-165-37
66 6 165 <>6-165-38
67 6 167 <>6-167-40
68 6 167 <>6-167-41
69 6 168 <>6-168-42
70 6 169 <>6-169-43
71 6 169 <>6-169-44
72 6 169 <>6-169-45
73 6 170 <>6-170-46
74 7 176 <>7-176-1
75 7 180 <>7-180-6
76 7 180 <>7-180-7
77 7 181 <>7-181-8
78 7 181 <>7-181-9
79 7 181 <>7-181-10
80 7 182 <>7-182-11
81 7 182 <>7-182-12
82 7 182 <>7-182-13
83 7 183 <>7-183-14
84 7 183 <>7-183-15
85 7 183 <>7-183-16
86 7 184 <>7-184-18
87 7 185 <>7-185-20
88 7 186 <>7-186-21
89 7 186 <>7-186-22
90 7 187 <>7-187-23
91 7 187 <>7-187-24
92 7 188 <>7-188-25
93 7 188 <>7-188-26
94 7 189 <>7-189-27
95 7 189 <>7-189-28
96 7 190 <>7-190-29
97 7 190 <>7-190-30
98 7 190 <>7-190-31
99 7 190 <>7-190-32
100 7 191 <>7-191-33
101 7 191 <>7-191-34
102 7 192 <>7-192-35
103 7 192 <>7-192-36
104 7 193 <>7-193-37
105 7 193 <>7-193-38
106 7 193 <>7-193-39
107 7 193 <>7-193-49
108 7 194 <>7-194-41
109 7 194 <>7-194-42
110 7 195 <>7-195-43
111 7 195 <>7-195-44
112 8 198 <>8-198-1
113 8 200 <>8-200-3
114 8 200 <>8-200-4
115 8 201 <>8-201-5
116 8 203 <>8-203-0
117 8 203 <>8-203-9
118 8 203 <>8-203-10
119 8 203 <>8-203-11
120 8 203 <>8-203-12
121 8 204 <>8-204-13
122 8 204 <>8-204-14
123 8 205 <>8-205-15
124 8 205 <>8-205-16
125 8 205 <>8-205-17
126 8 206 <>8-206-18
127 8 207 <>8-207-21
128 8 208 <>8-208-22
129 8 209 <>8-209-23
130 8 209 <>8-209-24
131 8 210 <>8-210-25
132 8 210 <>8-210-26
133 8 211 <>8-211-25
134 8 211 <>8-211-26
135 8 213 <>8-213-30
136 8 213 <>8-213-31
137 8 213 <>8-213-32
138 8 213 <>8-213-33
139 8 213 <>8-213-34
140 8 214 <>8-214-35
141 8 215 <>8-215-36
142 9 222 <>9-222-1
143 9 223 <>9-223-2
144 9 223 <>9-223-3
145 9 226 <>9-226-4
146 9 226 <>9-226-5
147 9 227 <>9-227-6
148 9 227 <>9-227-7
149 9 233 <>9-233-9
150 9 236 <>9-236-11
151 9 236 <>9-236-12
152 9 236 <>9-236-13
153 9 236 <>9-236-14
154 10 245 <>10-245-0
155 10 246 <>10-246-2
156 10 246 <>10-246-3
157 10 246 <>10-246-4
158 10 247 <>10-247-8
159 10 248 <>10-248-11
160 10 248 <>10-248-12
161 10 249 <>10-249-14
162 10 250 <>10-250-15
163 10 252 <>10-252-16
164 10 254 <>10-254-17
165 10 254 <>10-254-18
166 10 256 <>10-256-19
167 10 256 <>10-256-20
168 10 257 <>10-257-21
169 10 257 <>10-257-22
170 10 257 <>10-257-23
171 10 257 <>10-257-24
172 10 257 <>10-257-25
173 10 257 <>10-257-26
174 10 260 <>10-260-27
175 10 260 <>10-260-28
176 10 260 <>10-260-29
177 10 261 <>10-261-30
178 10 262 <>10-262-31
179 11 264 <>11-264-1
180 11 264 <>11-264-2
181 11 265 <>11-265-3
182 11 265 <>11-265-4
183 11 267 <>11-267-5
184 11 270 <>11-270-6
185 11 270 <>11-270-7
186 11 271 <>11-271-8
187 11 271 <>11-271-9
188 11 271 <>11-271-10
189 11 272 <>11-272-11
190 11 272 <>11-272-12
191 11 272 <>11-272-13
192 11 272 <>11-272-14
193 11 273 <>11-273-15
194 11 274 <>11-274-16
195 11 274 <>11-274-17
196 11 275 <>11-275-18
197 11 276 <>11-276-19
198 11 277 <>11-277-20
199 11 277 <>11-277-21
200 11 277 <>11-277-22
201 11 277 <>11-277-23
202 11 278 <>11-278-24
203 11 278 <>11-278-25
204 11 278 <>11-278-26
205 11 279 <>11-279-27
206 11 280 <>11-280-28
207 11 280 <>11-280-29
208 11 281 <>11-281-30
209 11 281 <>11-281-31
210 11 282 <>11-282-32
211 11 282 <>11-282-33
212 11 283 <>11-283-34
213 11 283 <>11-283-35
214 11 284 <>11-284-36
215 12 290 <>12-290-1
216 12 290 <>12-290-2
217 12 290 <>12-290-3
218 12 291 <>12-291-4
219 12 292 <>12-292-5
220 13 313 <>13-313-5
221 13 316 <>13-316-11
222 13 319 <>13-319-21
223 13 319 <>13-319-22
224 13 322 <>13-322-25
225 13 322 <>13-322-27
226 13 323 <>13-323-29
227 13 325 <>13-325-35
228 13 325 <>13-325-36
229 13 332 <>13-332-50
230 14 338 <>14-338-1
231 14 338 <>14-338-2
232 14 341 <>14-341-7
233 14 341 <>14-341-8
234 14 341 <>14-341-9
235 14 342 <>14-342-10
236 14 343 <>14-343-12
237 14 343 <>14-343-13
238 14 343 <>14-343-14
239 14 343 <>14-343-15
240 14 343 <>14-343-16
241 14 344 <>14-344-18
242 14 345 <>14-345-20
243 14 345 <>14-345-22
244 14 346 <>14-346-23
245 14 346 <>14-346-25
246 14 347 <>14-347-28
247 14 347 <>14-347-29
248 14 347 <>14-347-30
249 14 347 <>14-347-31
250 14 348 <>14-348-34
251 14 348 <>14-348-35
252 14 348 <>14-348-36
253 14 349 <>14-349-38
254 14 350 <>14-350-39
255 14 350 <>14-350-40
256 14 350 <>14-350-41
257 14 350 <>14-350-42
258 14 351 <>14-351-43
259 14 351 <>14-351-44
260 14 352 <>14-352-45
261 14 352 <>14-352-46
262 14 352 <>14-352-47
263 14 352 <>14-352-48
264 14 353 <>14-353-52
265 14 353 <>14-353-54
266 14 354 <>14-354-56
267 14 355 <>14-355-61
268 14 356 <>14-356-63
269 14 356 <>14-356-65
270 14 356 <>14-356-67
271 14 357 <>14-357-70
272 14 358 <>14-358-72
273 14 358 <>14-358-73
274 14 359 <>14-359-74
275 14 359 <>14-359-75
276 14 359 <>14-359-72
277 14 362 <>14-362-81
278 15 369 <>15-369-1
279 15 369 <>15-369-2
280 15 369 <>15-369-3
281 15 370 <>15-370-4
282 15 370 <>15-370-5
283 15 370 <>15-370-6
284 15 370 <>15-370-7
285 15 370 <>15-370-8
286 15 372 <>15-372-11
287 15 372 <>15-372-12
288 15 372 <>15-372-13
289 15 372 <>15-372-14
290 15 373 <>15-373-15
291 15 373 <>15-373-16
292 15 373 <>15-373-17
293 15 374 <>15-374-18
294 15 374 <>15-374-19
295 15 375 <>15-375-20
296 15 375 <>15-375-21
297 15 375 <>15-375-22
298 15 375 <>15-375-23
299 15 375 <>15-375-24
300 15 375 <>15-375-25
301 15 375 <>15-375-26
302 15 377 <>15-377-27
303 15 377 <>15-377-28
304 15 378 <>15-378-33
305 15 378 <>15-378-34
306 15 378 <>15-378-35
307 15 378 <>15-378-36
308 15 379 <>15-379-37
309 15 379 <>15-379-38
310 15 379 <>15-379-39
311 15 379 <>15-379-40
312 15 379 <>15-379-41
313 15 380 <>15-380-42
314 15 380 <>15-380-43
315 15 380 <>15-380-44
316 15 380 <>15-380-45
317 15 380 <>15-380-46
318 15 380 <>15-380-47
319 15 381 <>15-381-48
320 15 381 <>15-381-49
321 15 381 <>15-381-50
322 15 381 <>15-381-51
323 15 381 <>15-381-52
324 15 382 <>15-382-53
325 15 382 <>15-382-54
326 16 395 <>16-395-9
327 16 397 <>16-397-11
328 16 403 <>16-403-25
329 17 406 <>17-406-1
330 17 408 <>17-408-2
331 17 409 <>17-409-3
332 17 409 <>17-409-4
333 17 410 <>17-410-5
334 17 411 <>17-411-6
335 17 412 <>17-412-7
336 17 412 <>17-412-9
337 17 413 <>17-413-10
338 17 413 <>17-413-12
339 17 414 <>17-414-13
340 17 414 <>17-414-14
341 17 415 <>17-415-15
342 17 415 <>17-415-16
343 17 416 <>17-416-17
344 17 416 <>17-416-18
345 17 417 <>17-417-19
346 17 417 <>17-417-21
347 17 418 <>17-418-22
348 17 418 <>17-418-23
349 17 418 <>17-418-24
350 17 419 <>17-419-25
351 17 419 <>17-419-26
352 17 420 <>17-420-27
353 17 421 <>17-421-28
354 17 421 <>17-421-29
355 17 421 <>17-421-30
356 17 422 <>17-422-31
357 17 422 <>17-422-32
358 17 423 <>17-423-33
359 17 423 <>17-423-34
360 17 424 <>17-424-35
361 18 433 <>18-433-1
362 18 433 <>18-433-2
363 18 433 <>18-433-3
364 18 433 <>18-433-4
365 18 433 <>18-433-5
366 18 434 <>18-434-6
367 18 434 <>18-434-7
368 18 434 <>18-434-8
369 18 434 <>18-434-9
370 18 434 <>18-434-10
371 18 435 <>18-435-11
372 18 436 <>18-436-12
373 18 436 <>18-436-13
374 18 436 <>18-436-14
375 18 436 <>18-436-15
376 18 436 <>18-436-16
377 18 437 <>18-437-17
378 18 437 <>18-437-18
379 18 437 <>18-437-19
380 18 437 <>18-437-20
381 18 438 <>18-438-21
382 18 438 <>18-438-22
383 18 438 <>18-438-23
384 18 438 <>18-438-24
385 18 438 <>18-438-25
386 18 438 <>18-438-26
387 18 439 <>18-439-27
388 18 439 <>18-439-28
389 18 440 <>18-440-29
390 18 440 <>18-440-30
391 18 440 <>18-440-31
392 18 440 <>18-440-32
393 18 441 <>18-441-33
394 18 441 <>18-441-34
395 18 441 <>18-441-35
396 18 442 <>18-442-36
397 18 442 <>18-442-37
398 18 443 <>18-443-38
399 18 443 <>18-443-39
400 18 443 <>18-443-40
401 18 444 <>18-444-41
402 18 444 <>18-444-42
403 18 444 <>18-444-43
404 18 445 <>18-445-44
405 18 445 <>18-445-45
406 18 445 <>18-445-46
407 18 446 <>18-446-25
408 19 450 <>19-450-1
409 19 450 <>19-450-2
410 19 451 <>19-451-3
411 19 451 <>19-451-4
412 19 452 <>19-452-6
413 19 452 <>19-452-7
414 19 452 <>19-452-8
415 19 455 <>19-455-9
416 19 456 <>19-456-12
417 19 456 <>19-456-13
418 19 456 <>19-456-14
419 19 456 <>19-456-15
420 19 457 <>19-457-16
421 19 457 <>19-457-17
422 19 457 <>19-457-18
423 19 458 <>19-458-9
424 19 458 <>19-458-21
425 19 458 <>19-458-22
426 19 459 <>19-459-23
427 19 459 <>19-459-24
428 19 459 <>19-459-25
429 19 460 <>19-460-28
430 19 460 <>19-460-29
431 19 461 <>19-461-30
432 19 461 <>19-461-31
433 19 461 <>19-461-32
434 19 461 <>19-461-33
435 19 461 <>19-461-34
436 19 461 <>19-461-35
437 19 461 <>19-461-36
438 19 462 <>19-462-37
439 19 462 <>19-462-38
440 19 462 <>19-462-39
441 19 462 <>19-462-40
442 19 462 <>19-462-41
443 19 462 <>19-462-42
444 19 463 <>19-463-43
445 19 463 <>19-463-44
446 21 503 <>21-503-1
447 21 503 <>21-503-2
448 21 503 <>21-503-3
449 21 503 <>21-503-4
450 21 504 <>21-504-5
451 21 504 <>21-504-6
452 21 506 <>21-506-7
453 22 511 <>22-511-1
454 22 512 <>22-512-2
455 22 512 <>22-512-3
456 22 521 <>22-521-7
457 22 521 <>22-521-9
458 22 522 <>22-522-10
459 22 525 <>22-525-14
460 22 523 <>22-523-12
461 22 526 <>22-526-15
462 22 526 <>22-526-16
463 23 541 <>23-541-1
464 23 542 <>23-542-2
465 23 546 <>23-546-3
466 23 546 <>23-546-4
467 23 546 <>23-546-5
468 23 546 <>23-546-6
469 23 546 <>23-546-7
470 23 546 <>23-546-8
471 23 547 <>23-547-9
472 23 547 <>23-547-10
473 23 547 <>23-547-11
474 23 547 <>23-547-12
475 23 547 <>23-547-13
476 23 547 <>23-547-14
477 23 547 <>23-547-15
478 23 548 <>23-548-16
479 23 549 <>23-549-17
480 23 549 <>23-549-18
481 23 549 <>23-549-19
482 23 549 <>23-549-20
483 23 550 <>23-550-21
484 23 550 <>23-550-22
485 23 551 <>23-551-23
486 23 552 <>23-552-24
487 23 552 <>23-552-25
488 23 553 <>23-553-26
489 23 555 <>23-555-27
490 23 556 <>23-556-28
491 23 556 <>23-556-29
492 23 557 <>23-557-30
493 23 557 <>23-557-31
494 23 557 <>23-557-32
495 23 558 <>23-558-33
496 23 558 <>23-558-34
497 23 558 <>23-558-35
498 24 576 <>24-576-5
499 24 577 <>24-577-6
500 24 578 <>24-578-7
501 24 578 <>24-578-8
502 24 582 <>24-582-15
503 25 586 <>25-586-3
504 25 586 <>25-586-4
505 25 593 <>25-593-13
506 26 603 <>26-603-1
507 26 603 <>26-603-2
508 26 617 <>26-617-10
509 26 618 <>26-618-11
510 26 618 <>26-618-12
511 26 618 <>26-618-13
512 26 618 <>26-618-14
513 26 618 <>26-618-15
514 27 632 <>27-632-2
515 27 632 <>27-632-3
516 27 632 <>27-632-4
517 27 638 <>27-638-11
518 27 642 <>27-642-13
519 28 658 <>28-658-1
520 28 661 <>28-661-4
521 28 662 <>28-662-5
522 28 664 <>28-664-7
523 28 665 <>28-665-9
524 28 665 <>28-665-10
525 28 666 <>28-666-11
526 28 668 <>28-668-13
527 28 668 <>28-668-14
528 28 668 <>28-668-0
529 28 669 <>28-669-16
530 28 669 <>28-669-17
531 28 669 <>28-669-18
532 28 670 <>28-670-19
533 28 671 <>28-671-22
534 28 675 <>28-675-24
535 28 675 <>28-675-25
536 28 675 <>28-675-26
537 28 675 <>28-675-27
538 29 687 <>29-687-2
539 29 687 <>29-687-3
540 29 689 <>29-689-5
541 0 0 <>0-0-6
542 29 691 <>29-691-7
543 29 694 <>29-694-8
544 29 694 <>29-694-9
545 30 698 <>30-698-1
546 30 699 <>30-699-2
547 30 700 <>30-700-3
548 30 700 <>30-700-4
549 30 702 <>30-702-7
550 30 703 <>30-703-10
551 30 703 <>30-703-11
552 30 704 <>30-704-12
553 30 704 <>30-704-13
554 30 705 <>30-705-14
555 30 705 <>30-705-15
556 30 705 <>30-705-16
557 30 706 <>30-706-17
558 30 706 <>30-706-18
559 30 707 <>30-707-19
560 30 707 <>30-707-20
561 30 708 <>30-708-21
562 30 708 <>30-708-22
563 30 708 <>30-708-23
564 30 708 <>30-708-24
565 30 708 <>30-708-25
566 30 709 <>30-709-26
567 30 709 <>30-709-27
568 30 709 <>30-709-28
569 30 709 <>30-709-29
570 30 709 <>30-709-30
571 30 710 <>30-710-31
572 30 710 <>30-710-32
573 30 711 <>30-711-33
574 30 711 <>30-711-34
575 30 711 <>30-711-35
576 30 711 <>30-711-36
577 30 712 <>30-712-37
578 30 712 <>30-712-38
579 30 712 <>30-712-39
580 30 712 <>30-712-40
581 30 713 <>30-713-41
582 30 714 <>30-714-42
583 30 714 <>30-714-43
584 30 714 <>30-714-44
585 30 714 <>30-714-45
586 30 715 <>30-715-46
587 30 715 <>30-715-47
588 30 715 <>30-715-48
589 30 715 <>30-715-49
590 30 716 <>30-716-50
591 30 716 <>30-716-52
592 30 716 <>30-716-53
593 30 716 <>30-716-54
594 30 717 <>30-717-55
595 30 717 <>30-717-56
596 30 717 <>30-717-57
597 30 717 <>30-717-58
598 30 718 <>30-718-59
599 30 718 <>30-718-61
600 32 747 <>32-747-1
601 32 747 <>32-747-2
602 32 753 <>32-753-8
603 32 756 <>32-756-12
604 32 756 <>32-756-13
605 32 758 <>32-758-14
606 32 759 <>32-759-15
607 32 759 <>32-759-16
608 32 761 <>32-761-18
609 32 763 <>32-763-22
