1 0 0  <1-45-18>%6
2 0 0  <1-46-20>%6
3 0 0  <1-46-21>%6
4 0 0  <1-46-22>%6
5 0 0  <1-47-23>%6
6 0 0  <2-70-9>%6
7 0 0  <3-90-6>%6
8 0 0  <3-90-7>%6
9 0 0  <3-92-9>%6
10 0 0  <3-92-10>%6
11 0 0  <3-93-11>%6
12 0 0  <3-93-12>%6
13 0 0  <4-100-1>%6
14 0 0  <4-100-2>%6
15 0 0  <4-100-3>%6
16 0 0  <4-101-4>%6
17 0 0  <4-101-5>%6
18 0 0  <4-102-6>%6
19 0 0  <4-102-8>%6
20 0 0  <4-106-13>%6
21 0 0  <4-113-16>%6
22 0 0  <5-124-3>%6
23 0 0  <5-124-4>%6
24 0 0  <5-124-5>%6
25 0 0  <5-124-6>%6
26 0 0  <5-124-7>%6
27 0 0  <5-124-8>%6
28 0 0  <5-124-9>%6
29 0 0  <5-124-10>%6
30 0 0  <5-131-11>%6
31 0 0  <5-131-12>%6
32 0 0  <5-131-13>%6
33 0 0  <5-131-14>%6
34 0 0  <5-131-15>%6
35 0 0  <5-131-16>%6
36 0 0  <5-131-17>%6
37 0 0  <5-131-18>%6
38 0 0  <5-131-19>%6
39 0 0  <5-131-20>%6
40 0 0  <6-148-6>%6
41 0 0  <6-149-7>%6
42 0 0  <6-149-8>%6
43 0 0  <6-152-10>%6
44 0 0  <6-154-12>%6
45 0 0  <6-154-13>%6
46 0 0  <6-154-14>%6
47 0 0  <6-155-15>%6
48 0 0  <6-155-16>%6
49 0 0  <6-156-17>%6
50 0 0  <6-156-18>%6
51 0 0  <6-158-19>%6
52 0 0  <6-158-20>%6
53 0 0  <6-160-21>%6
54 0 0  <6-161-23>%6
55 0 0  <6-161-24>%6
56 0 0  <6-162-25>%6
57 0 0  <6-162-26>%6
58 0 0  <6-162-27>%6
59 0 0  <6-162-28>%6
60 0 0  <6-162-29>%6
61 0 0  <6-163-31>%6
62 0 0  <6-164-32>%6
63 0 0  <6-164-33>%6
64 0 0  <6-164-34>%6
65 0 0  <6-165-37>%6
66 0 0  <6-165-38>%6
67 0 0  <6-167-40>%6
68 0 0  <6-167-41>%6
69 0 0  <6-168-42>%6
70 0 0  <6-169-43>%6
71 0 0  <6-169-44>%6
72 0 0  <6-169-45>%6
73 0 0  <6-170-46>%6
74 0 0  <7-176-1>%6
75 0 0  <7-180-6>%6
76 0 0  <7-180-7>%6
77 0 0  <7-181-8>%6
78 0 0  <7-181-9>%6
79 0 0  <7-181-10>%6
80 0 0  <7-182-11>%6
81 0 0  <7-182-12>%6
82 0 0  <7-182-13>%6
83 0 0  <7-183-14>%6
84 0 0  <7-183-15>%6
85 0 0  <7-183-16>%6
86 0 0  <7-184-18>%6
87 0 0  <7-185-20>%6
88 0 0  <7-186-21>%6
89 0 0  <7-186-22>%6
90 0 0  <7-187-23>%6
91 0 0  <7-187-24>%6
92 0 0  <7-188-25>%6
93 0 0  <7-188-26>%6
94 0 0  <7-189-27>%6
95 0 0  <7-189-28>%6
96 0 0  <7-190-29>%6
97 0 0  <7-190-30>%6
98 0 0  <7-190-31>%6
99 0 0  <7-190-32>%6
100 0 0  <7-191-33>%6
101 0 0  <7-191-34>%6
102 0 0  <7-192-35>%6
103 0 0  <7-192-36>%6
104 0 0  <7-193-37>%6
105 0 0  <7-193-38>%6
106 0 0  <7-193-39>%6
107 0 0  <7-193-49>%6
108 0 0  <7-194-41>%6
109 0 0  <7-194-42>%6
110 0 0  <7-195-43>%6
111 0 0  <7-195-44>%6
112 0 0  <8-198-1>%6
113 0 0  <8-200-3>%6
114 0 0  <8-200-4>%6
115 0 0  <8-201-5>%6
116 0 0  <8-203-0>%6
117 0 0  <8-203-9>%6
118 0 0  <8-203-10>%6
119 0 0  <8-203-11>%6
120 0 0  <8-203-12>%6
121 0 0  <8-204-13>%6
122 0 0  <8-204-14>%6
123 0 0  <8-205-15>%6
124 0 0  <8-205-16>%6
125 0 0  <8-205-17>%6
126 0 0  <8-206-18>%6
127 0 0  <8-207-21>%6
128 0 0  <8-208-22>%6
129 0 0  <8-209-23>%6
130 0 0  <8-209-24>%6
131 0 0  <8-210-25>%6
132 0 0  <8-210-26>%6
133 0 0  <8-211-25>%6
134 0 0  <8-211-26>%6
135 0 0  <8-213-30>%6
136 0 0  <8-213-31>%6
137 0 0  <8-213-32>%6
138 0 0  <8-213-33>%6
139 0 0  <8-213-34>%6
140 0 0  <8-214-35>%6
141 0 0  <8-215-36>%6
142 0 0  <9-222-1>%6
143 0 0  <9-223-2>%6
144 0 0  <9-223-3>%6
145 0 0  <9-226-4>%6
146 0 0  <9-226-5>%6
147 0 0  <9-227-6>%6
148 0 0  <9-227-7>%6
149 0 0  <9-233-9>%6
150 0 0  <9-236-11>%6
151 0 0  <9-236-12>%6
152 0 0  <9-236-13>%6
153 0 0  <9-236-14>%6
154 0 0  <10-245-0>%6
155 0 0  <10-246-2>%6
156 0 0  <10-246-3>%6
157 0 0  <10-246-4>%6
158 0 0  <10-247-8>%6
159 0 0  <10-248-11>%6
160 0 0  <10-248-12>%6
161 0 0  <10-249-14>%6
162 0 0  <10-250-15>%6
163 0 0  <10-252-16>%6
164 0 0  <10-254-17>%6
165 0 0  <10-254-18>%6
166 0 0  <10-256-19>%6
167 0 0  <10-256-20>%6
168 0 0  <10-257-21>%6
169 0 0  <10-257-22>%6
170 0 0  <10-257-23>%6
171 0 0  <10-257-24>%6
172 0 0  <10-257-25>%6
173 0 0  <10-257-26>%6
174 0 0  <10-260-27>%6
175 0 0  <10-260-28>%6
176 0 0  <10-260-29>%6
177 0 0  <10-261-30>%6
178 0 0  <10-262-31>%6
179 0 0  <11-264-1>%6
180 0 0  <11-264-2>%6
181 0 0  <11-265-3>%6
182 0 0  <11-265-4>%6
183 0 0  <11-267-5>%6
184 0 0  <11-270-6>%6
185 0 0  <11-270-7>%6
186 0 0  <11-271-8>%6
187 0 0  <11-271-9>%6
188 0 0  <11-271-10>%6
189 0 0  <11-272-11>%6
190 0 0  <11-272-12>%6
191 0 0  <11-272-13>%6
192 0 0  <11-272-14>%6
193 0 0  <11-273-15>%6
194 0 0  <11-274-16>%6
195 0 0  <11-274-17>%6
196 0 0  <11-275-18>%6
197 0 0  <11-276-19>%6
198 0 0  <11-277-20>%6
199 0 0  <11-277-21>%6
200 0 0  <11-277-22>%6
201 0 0  <11-277-23>%6
202 0 0  <11-278-24>%6
203 0 0  <11-278-25>%6
204 0 0  <11-278-26>%6
205 0 0  <11-279-27>%6
206 0 0  <11-280-28>%6
207 0 0  <11-280-29>%6
208 0 0  <11-281-30>%6
209 0 0  <11-281-31>%6
210 0 0  <11-282-32>%6
211 0 0  <11-282-33>%6
212 0 0  <11-283-34>%6
213 0 0  <11-283-35>%6
214 0 0  <11-284-36>%6
215 0 0  <12-290-1>%6
216 0 0  <12-290-2>%6
217 0 0  <12-290-3>%6
218 0 0  <12-291-4>%6
219 0 0  <12-292-5>%6
220 0 0  <13-313-5>%6
221 0 0  <13-316-11>%6
222 0 0  <13-319-21>%6
223 0 0  <13-319-22>%6
224 0 0  <13-322-25>%6
225 0 0  <13-322-27>%6
226 0 0  <13-323-29>%6
227 0 0  <13-325-35>%6
228 0 0  <13-325-36>%6
229 0 0  <13-332-50>%6
230 0 0  <14-338-1>%6
231 0 0  <14-338-2>%6
232 0 0  <14-341-7>%6
233 0 0  <14-341-8>%6
234 0 0  <14-341-9>%6
235 0 0  <14-342-10>%6
236 0 0  <14-343-12>%6
237 0 0  <14-343-13>%6
238 0 0  <14-343-14>%6
239 0 0  <14-343-15>%6
240 0 0  <14-343-16>%6
241 0 0  <14-344-18>%6
242 0 0  <14-345-20>%6
243 0 0  <14-345-22>%6
244 0 0  <14-346-23>%6
245 0 0  <14-346-25>%6
246 0 0  <14-347-28>%6
247 0 0  <14-347-29>%6
248 0 0  <14-347-30>%6
249 0 0  <14-347-31>%6
250 0 0  <14-348-34>%6
251 0 0  <14-348-35>%6
252 0 0  <14-348-36>%6
253 0 0  <14-349-38>%6
254 0 0  <14-350-39>%6
255 0 0  <14-350-40>%6
256 0 0  <14-350-41>%6
257 0 0  <14-350-42>%6
258 0 0  <14-351-43>%6
259 0 0  <14-351-44>%6
260 0 0  <14-352-45>%6
261 0 0  <14-352-46>%6
262 0 0  <14-352-47>%6
263 0 0  <14-352-48>%6
264 0 0  <14-353-52>%6
265 0 0  <14-353-54>%6
266 0 0  <14-354-56>%6
267 0 0  <14-355-61>%6
268 0 0  <14-356-63>%6
269 0 0  <14-356-65>%6
270 0 0  <14-356-67>%6
271 0 0  <14-357-70>%6
272 0 0  <14-358-72>%6
273 0 0  <14-358-73>%6
274 0 0  <14-359-74>%6
275 0 0  <14-359-75>%6
276 0 0  <14-359-72>%6
277 0 0  <14-362-81>%6
278 0 0  <15-369-1>%6
279 0 0  <15-369-2>%6
280 0 0  <15-369-3>%6
281 0 0  <15-370-4>%6
282 0 0  <15-370-5>%6
283 0 0  <15-370-6>%6
284 0 0  <15-370-7>%6
285 0 0  <15-370-8>%6
286 0 0  <15-372-11>%6
287 0 0  <15-372-12>%6
288 0 0  <15-372-13>%6
289 0 0  <15-372-14>%6
290 0 0  <15-373-15>%6
291 0 0  <15-373-16>%6
292 0 0  <15-373-17>%6
293 0 0  <15-374-18>%6
294 0 0  <15-374-19>%6
295 0 0  <15-375-20>%6
296 0 0  <15-375-21>%6
297 0 0  <15-375-22>%6
298 0 0  <15-375-23>%6
299 0 0  <15-375-24>%6
300 0 0  <15-375-25>%6
301 0 0  <15-375-26>%6
302 0 0  <15-377-27>%6
303 0 0  <15-377-28>%6
304 0 0  <15-378-33>%6
305 0 0  <15-378-34>%6
306 0 0  <15-378-35>%6
307 0 0  <15-378-36>%6
308 0 0  <15-379-37>%6
309 0 0  <15-379-38>%6
310 0 0  <15-379-39>%6
311 0 0  <15-379-40>%6
312 0 0  <15-379-41>%6
313 0 0  <15-380-42>%6
314 0 0  <15-380-43>%6
315 0 0  <15-380-44>%6
316 0 0  <15-380-45>%6
317 0 0  <15-380-46>%6
318 0 0  <15-380-47>%6
319 0 0  <15-381-48>%6
320 0 0  <15-381-49>%6
321 0 0  <15-381-50>%6
322 0 0  <15-381-51>%6
323 0 0  <15-381-52>%6
324 0 0  <15-382-53>%6
325 0 0  <15-382-54>%6
326 0 0  <16-395-9>%6
327 0 0  <16-397-11>%6
328 0 0  <16-403-25>%6
329 0 0  <17-406-1>%6
330 0 0  <17-408-2>%6
331 0 0  <17-409-3>%6
332 0 0  <17-409-4>%6
333 0 0  <17-410-5>%6
334 0 0  <17-411-6>%6
335 0 0  <17-412-7>%6
336 0 0  <17-412-9>%6
337 0 0  <17-413-10>%6
338 0 0  <17-413-12>%6
339 0 0  <17-414-13>%6
340 0 0  <17-414-14>%6
341 0 0  <17-415-15>%6
342 0 0  <17-415-16>%6
343 0 0  <17-416-17>%6
344 0 0  <17-416-18>%6
345 0 0  <17-417-19>%6
346 0 0  <17-417-21>%6
347 0 0  <17-418-22>%6
348 0 0  <17-418-23>%6
349 0 0  <17-418-24>%6
350 0 0  <17-419-25>%6
351 0 0  <17-419-26>%6
352 0 0  <17-420-27>%6
353 0 0  <17-421-28>%6
354 0 0  <17-421-29>%6
355 0 0  <17-421-30>%6
356 0 0  <17-422-31>%6
357 0 0  <17-422-32>%6
358 0 0  <17-423-33>%6
359 0 0  <17-423-34>%6
360 0 0  <17-424-35>%6
361 0 0  <18-433-1>%6
362 0 0  <18-433-2>%6
363 0 0  <18-433-3>%6
364 0 0  <18-433-4>%6
365 0 0  <18-433-5>%6
366 0 0  <18-434-6>%6
367 0 0  <18-434-7>%6
368 0 0  <18-434-8>%6
369 0 0  <18-434-9>%6
370 0 0  <18-434-10>%6
371 0 0  <18-435-11>%6
372 0 0  <18-436-12>%6
373 0 0  <18-436-13>%6
374 0 0  <18-436-14>%6
375 0 0  <18-436-15>%6
376 0 0  <18-436-16>%6
377 0 0  <18-437-17>%6
378 0 0  <18-437-18>%6
379 0 0  <18-437-19>%6
380 0 0  <18-437-20>%6
381 0 0  <18-438-21>%6
382 0 0  <18-438-22>%6
383 0 0  <18-438-23>%6
384 0 0  <18-438-24>%6
385 0 0  <18-438-25>%6
386 0 0  <18-438-26>%6
387 0 0  <18-439-27>%6
388 0 0  <18-439-28>%6
389 0 0  <18-440-29>%6
390 0 0  <18-440-30>%6
391 0 0  <18-440-31>%6
392 0 0  <18-440-32>%6
393 0 0  <18-441-33>%6
394 0 0  <18-441-34>%6
395 0 0  <18-441-35>%6
396 0 0  <18-442-36>%6
397 0 0  <18-442-37>%6
398 0 0  <18-443-38>%6
399 0 0  <18-443-39>%6
400 0 0  <18-443-40>%6
401 0 0  <18-444-41>%6
402 0 0  <18-444-42>%6
403 0 0  <18-444-43>%6
404 0 0  <18-445-44>%6
405 0 0  <18-445-45>%6
406 0 0  <18-445-46>%6
407 0 0  <18-446-25>%6
408 0 0  <19-450-1>%6
409 0 0  <19-450-2>%6
410 0 0  <19-451-3>%6
411 0 0  <19-451-4>%6
412 0 0  <19-452-6>%6
413 0 0  <19-452-7>%6
414 0 0  <19-452-8>%6
415 0 0  <19-455-9>%6
416 0 0  <19-456-12>%6
417 0 0  <19-456-13>%6
418 0 0  <19-456-14>%6
419 0 0  <19-456-15>%6
420 0 0  <19-457-16>%6
421 0 0  <19-457-17>%6
422 0 0  <19-457-18>%6
423 0 0  <19-458-9>%6
424 0 0  <19-458-21>%6
425 0 0  <19-458-22>%6
426 0 0  <19-459-23>%6
427 0 0  <19-459-24>%6
428 0 0  <19-459-25>%6
429 0 0  <19-460-28>%6
430 0 0  <19-460-29>%6
431 0 0  <19-461-30>%6
432 0 0  <19-461-31>%6
433 0 0  <19-461-32>%6
434 0 0  <19-461-33>%6
435 0 0  <19-461-34>%6
436 0 0  <19-461-35>%6
437 0 0  <19-461-36>%6
438 0 0  <19-462-37>%6
439 0 0  <19-462-38>%6
440 0 0  <19-462-39>%6
441 0 0  <19-462-40>%6
442 0 0  <19-462-41>%6
443 0 0  <19-462-42>%6
444 0 0  <19-463-43>%6
445 0 0  <19-463-44>%6
446 0 0  <21-503-1>%6
447 0 0  <21-503-2>%6
448 0 0  <21-503-3>%6
449 0 0  <21-503-4>%6
450 0 0  <21-504-5>%6
451 0 0  <21-504-6>%6
452 0 0  <21-506-7>%6
453 0 0  <22-511-1>%6
454 0 0  <22-512-2>%6
455 0 0  <22-512-3>%6
456 0 0  <22-521-7>%6
457 0 0  <22-521-9>%6
458 0 0  <22-522-10>%6
459 0 0  <22-525-14>%6
460 0 0  <22-523-12>%6
461 0 0  <22-526-15>%6
462 0 0  <22-526-16>%6
463 0 0  <23-541-1>%6
464 0 0  <23-542-2>%6
465 0 0  <23-546-3>%6
466 0 0  <23-546-4>%6
467 0 0  <23-546-5>%6
468 0 0  <23-546-6>%6
469 0 0  <23-546-7>%6
470 0 0  <23-546-8>%6
471 0 0  <23-547-9>%6
472 0 0  <23-547-10>%6
473 0 0  <23-547-11>%6
474 0 0  <23-547-12>%6
475 0 0  <23-547-13>%6
476 0 0  <23-547-14>%6
477 0 0  <23-547-15>%6
478 0 0  <23-548-16>%6
479 0 0  <23-549-17>%6
480 0 0  <23-549-18>%6
481 0 0  <23-549-19>%6
482 0 0  <23-549-20>%6
483 0 0  <23-550-21>%6
484 0 0  <23-550-22>%6
485 0 0  <23-551-23>%6
486 0 0  <23-552-24>%6
487 0 0  <23-552-25>%6
488 0 0  <23-553-26>%6
489 0 0  <23-555-27>%6
490 0 0  <23-556-28>%6
491 0 0  <23-556-29>%6
492 0 0  <23-557-30>%6
493 0 0  <23-557-31>%6
494 0 0  <23-557-32>%6
495 0 0  <23-558-33>%6
496 0 0  <23-558-34>%6
497 0 0  <23-558-35>%6
498 0 0  <24-576-5>%6
499 0 0  <24-577-6>%6
500 0 0  <24-578-7>%6
501 0 0  <24-578-8>%6
502 0 0  <24-582-15>%6
503 0 0  <25-586-3>%6
504 0 0  <25-586-4>%6
505 0 0  <25-593-13>%6
506 0 0  <26-603-1>%6
507 0 0  <26-603-2>%6
508 0 0  <26-617-10>%6
509 0 0  <26-618-11>%6
510 0 0  <26-618-12>%6
511 0 0  <26-618-13>%6
512 0 0  <26-618-14>%6
513 0 0  <26-618-15>%6
514 0 0  <27-632-2>%6
515 0 0  <27-632-3>%6
516 0 0  <27-632-4>%6
517 0 0  <27-638-11>%6
518 0 0  <27-642-13>%6
519 0 0  <28-658-1>%6
520 0 0  <28-661-4>%6
521 0 0  <28-662-5>%6
522 0 0  <28-664-7>%6
523 0 0  <28-665-9>%6
524 0 0  <28-665-10>%6
525 0 0  <28-666-11>%6
526 0 0  <28-668-13>%6
527 0 0  <28-668-14>%6
528 0 0  <28-668-0>%6
529 0 0  <28-669-16>%6
530 0 0  <28-669-17>%6
531 0 0  <28-669-18>%6
532 0 0  <28-670-19>%6
533 0 0  <28-671-22>%6
534 0 0  <28-675-24>%6
535 0 0  <28-675-25>%6
536 0 0  <28-675-26>%6
537 0 0  <28-675-27>%6
538 0 0  <29-687-2>%6
539 0 0  <29-687-3>%6
540 0 0  <29-689-5>%6
541 0 0  <0-0-6>%6
542 0 0  <29-691-7>%6
543 0 0  <29-694-8>%6
544 0 0  <29-694-9>%6
545 0 0  <30-698-1>%6
546 0 0  <30-699-2>%6
547 0 0  <30-700-3>%6
548 0 0  <30-700-4>%6
549 0 0  <30-702-7>%6
550 0 0  <30-703-10>%6
551 0 0  <30-703-11>%6
552 0 0  <30-704-12>%6
553 0 0  <30-704-13>%6
554 0 0  <30-705-14>%6
555 0 0  <30-705-15>%6
556 0 0  <30-705-16>%6
557 0 0  <30-706-17>%6
558 0 0  <30-706-18>%6
559 0 0  <30-707-19>%6
560 0 0  <30-707-20>%6
561 0 0  <30-708-21>%6
562 0 0  <30-708-22>%6
563 0 0  <30-708-23>%6
564 0 0  <30-708-24>%6
565 0 0  <30-708-25>%6
566 0 0  <30-709-26>%6
567 0 0  <30-709-27>%6
568 0 0  <30-709-28>%6
569 0 0  <30-709-29>%6
570 0 0  <30-709-30>%6
571 0 0  <30-710-31>%6
572 0 0  <30-710-32>%6
573 0 0  <30-711-33>%6
574 0 0  <30-711-34>%6
575 0 0  <30-711-35>%6
576 0 0  <30-711-36>%6
577 0 0  <30-712-37>%6
578 0 0  <30-712-38>%6
579 0 0  <30-712-39>%6
580 0 0  <30-712-40>%6
581 0 0  <30-713-41>%6
582 0 0  <30-714-42>%6
583 0 0  <30-714-43>%6
584 0 0  <30-714-44>%6
585 0 0  <30-714-45>%6
586 0 0  <30-715-46>%6
587 0 0  <30-715-47>%6
588 0 0  <30-715-48>%6
589 0 0  <30-715-49>%6
590 0 0  <30-716-50>%6
591 0 0  <30-716-52>%6
592 0 0  <30-716-53>%6
593 0 0  <30-716-54>%6
594 0 0  <30-717-55>%6
595 0 0  <30-717-56>%6
596 0 0  <30-717-57>%6
597 0 0  <30-717-58>%6
598 0 0  <30-718-59>%6
599 0 0  <30-718-61>%6
600 0 0  <32-747-1>%6
601 0 0  <32-747-2>%6
602 0 0  <32-753-8>%6
603 0 0  <32-756-12>%6
604 0 0  <32-756-13>%6
605 0 0  <32-758-14>%6
606 0 0  <32-759-15>%6
607 0 0  <32-759-16>%6
608 0 0  <32-761-18>%6
609 0 0  <32-763-22>%6
