1 0 1 40 <>1-40-10
2 0 1 41 <>1-41-11
3 0 1 42 <>1-42-12
+4
4 0 1 43 <>1-43-13
+4
5 0 1 43 <>1-43-14
6 0 1 43 <>1-43-15
7 0 1 44 <>1-44-16
8 0 1 44 <>1-44-17
9 0 1 45 <>1-45-18
10 0 1 46 <>1-46-20
11 0 1 46 <>1-46-21
12 0 1 46 <>1-46-22
13 0 1 47 <>1-47-23
14 0 2 70 <>2-70-9
15 0 3 90 <>3-90-6
16 0 3 90 <>3-90-7
17 0 3 92 <>3-92-9
18 0 3 92 <>3-92-10
19 0 3 93 <>3-93-11
20 0 3 93 <>3-93-12
21 0 4 100 <>4-100-1
22 0 4 100 <>4-100-2
23 0 4 100 <>4-100-3
24 0 4 101 <>4-101-4
25 0 4 101 <>4-101-5
26 0 4 102 <>4-102-6
27 0 4 102 <>4-102-8
28 0 4 106 <>4-106-13
29 0 4 113 <>4-113-16
30 0 5 124 <>5-124-3
31 0 5 124 <>5-124-4
32 0 5 124 <>5-124-5
33 0 5 124 <>5-124-6
34 0 5 124 <>5-124-7
35 0 5 124 <>5-124-8
36 0 5 124 <>5-124-9
37 0 5 124 <>5-124-10
38 0 5 131 <>5-131-11
39 0 5 131 <>5-131-12
40 0 5 131 <>5-131-13
41 0 5 131 <>5-131-14
42 0 5 131 <>5-131-15
43 0 5 131 <>5-131-16
44 0 5 131 <>5-131-17
45 0 5 131 <>5-131-18
46 0 5 131 <>5-131-19
47 0 5 131 <>5-131-20
48 0 6 148 <>6-148-6
49 0 6 149 <>6-149-7
50 0 6 149 <>6-149-8
51 0 6 152 <>6-152-10
52 0 6 154 <>6-154-12
53 0 6 154 <>6-154-13
54 0 6 154 <>6-154-14
55 0 6 155 <>6-155-15
56 0 6 155 <>6-155-16
57 0 6 156 <>6-156-17
58 0 6 156 <>6-156-18
59 0 6 158 <>6-158-19
60 0 6 158 <>6-158-20
61 0 6 160 <>6-160-21
62 0 6 161 <>6-161-23
63 0 6 161 <>6-161-24
64 0 6 162 <>6-162-25
65 0 6 162 <>6-162-26
66 0 6 162 <>6-162-27
67 0 6 162 <>6-162-28
68 0 6 162 <>6-162-29
69 0 6 163 <>6-163-31
70 0 6 164 <>6-164-32
71 0 6 164 <>6-164-33
72 0 6 164 <>6-164-34
73 0 6 165 <>6-165-37
74 0 6 165 <>6-165-38
75 0 6 167 <>6-167-40
76 0 6 167 <>6-167-41
77 0 6 168 <>6-168-42
78 0 6 169 <>6-169-43
79 0 6 169 <>6-169-44
80 0 6 169 <>6-169-45
81 0 6 170 <>6-170-46
82 0 7 176 <>7-176-1
83 0 7 180 <>7-180-6
84 0 7 180 <>7-180-7
85 0 7 181 <>7-181-8
86 0 7 181 <>7-181-9
87 0 7 181 <>7-181-10
88 0 7 182 <>7-182-11
89 0 7 182 <>7-182-12
90 0 7 182 <>7-182-13
91 0 7 183 <>7-183-14
92 0 7 183 <>7-183-15
93 0 7 183 <>7-183-16
94 0 7 184 <>7-184-18
95 0 7 185 <>7-185-20
96 0 7 186 <>7-186-21
97 0 7 186 <>7-186-22
98 0 7 187 <>7-187-23
99 0 7 187 <>7-187-24
100 0 7 188 <>7-188-25
101 0 7 188 <>7-188-26
102 0 7 189 <>7-189-27
103 0 7 189 <>7-189-28
104 0 7 190 <>7-190-29
105 0 7 190 <>7-190-30
106 0 7 190 <>7-190-31
107 0 7 190 <>7-190-32
108 0 7 191 <>7-191-33
109 0 7 191 <>7-191-34
110 0 7 192 <>7-192-35
111 0 7 192 <>7-192-36
112 0 7 193 <>7-193-37
113 0 7 193 <>7-193-38
114 0 7 193 <>7-193-39
115 0 7 193 <>7-193-49
116 0 7 194 <>7-194-41
117 0 7 194 <>7-194-42
118 0 7 195 <>7-195-43
119 0 7 195 <>7-195-44
120 0 8 198 <>8-198-1
121 0 8 200 <>8-200-3
122 0 8 200 <>8-200-4
123 0 8 201 <>8-201-5
124 0 8 203 <>8-203-0
125 0 8 203 <>8-203-9
126 0 8 203 <>8-203-10
127 0 8 203 <>8-203-11
128 0 8 203 <>8-203-12
129 0 8 204 <>8-204-13
130 0 8 204 <>8-204-14
131 0 8 205 <>8-205-15
132 0 8 205 <>8-205-16
133 0 8 205 <>8-205-17
134 0 8 206 <>8-206-18
135 0 8 207 <>8-207-21
136 0 8 208 <>8-208-22
137 0 8 209 <>8-209-23
138 0 8 209 <>8-209-24
139 0 8 210 <>8-210-25
140 0 8 210 <>8-210-26
141 0 8 211 <>8-211-25
142 0 8 211 <>8-211-26
143 0 8 213 <>8-213-30
144 0 8 213 <>8-213-31
145 0 8 213 <>8-213-32
146 0 8 213 <>8-213-33
147 0 8 213 <>8-213-34
148 0 8 214 <>8-214-35
149 0 8 215 <>8-215-36
150 0 9 222 <>9-222-1
151 0 9 223 <>9-223-2
152 0 9 223 <>9-223-3
153 0 9 226 <>9-226-4
154 0 9 226 <>9-226-5
155 0 9 227 <>9-227-6
156 0 9 227 <>9-227-7
157 0 9 233 <>9-233-9
158 0 9 236 <>9-236-11
159 0 9 236 <>9-236-12
160 0 9 236 <>9-236-13
161 0 9 236 <>9-236-14
162 0 10 245 <>10-245-0
163 0 10 246 <>10-246-2
164 0 10 246 <>10-246-3
165 0 10 246 <>10-246-4
166 0 10 247 <>10-247-8
167 0 10 248 <>10-248-11
168 0 10 248 <>10-248-12
169 0 10 249 <>10-249-14
170 0 10 250 <>10-250-15
171 0 10 252 <>10-252-16
172 0 10 254 <>10-254-17
173 0 10 254 <>10-254-18
174 0 10 256 <>10-256-19
175 0 10 256 <>10-256-20
176 0 10 257 <>10-257-21
177 0 10 257 <>10-257-22
178 0 10 257 <>10-257-23
179 0 10 257 <>10-257-24
180 0 10 257 <>10-257-25
181 0 10 257 <>10-257-26
182 0 10 260 <>10-260-27
183 0 10 260 <>10-260-28
184 0 10 260 <>10-260-29
185 0 10 261 <>10-261-30
186 0 10 262 <>10-262-31
187 0 11 264 <>11-264-1
188 0 11 264 <>11-264-2
189 0 11 265 <>11-265-3
190 0 11 265 <>11-265-4
191 0 11 267 <>11-267-5
192 0 11 270 <>11-270-6
193 0 11 270 <>11-270-7
194 0 11 271 <>11-271-8
195 0 11 271 <>11-271-9
196 0 11 271 <>11-271-10
197 0 11 272 <>11-272-11
198 0 11 272 <>11-272-12
199 0 11 272 <>11-272-13
200 0 11 272 <>11-272-14
201 0 11 273 <>11-273-15
202 0 11 274 <>11-274-16
203 0 11 274 <>11-274-17
204 0 11 275 <>11-275-18
205 0 11 276 <>11-276-19
206 0 11 277 <>11-277-20
207 0 11 277 <>11-277-21
208 0 11 277 <>11-277-22
209 0 11 277 <>11-277-23
210 0 11 278 <>11-278-24
211 0 11 278 <>11-278-25
212 0 11 278 <>11-278-26
213 0 11 279 <>11-279-27
214 0 11 280 <>11-280-28
215 0 11 280 <>11-280-29
216 0 11 281 <>11-281-30
217 0 11 281 <>11-281-31
218 0 11 282 <>11-282-32
219 0 11 282 <>11-282-33
220 0 11 283 <>11-283-34
221 0 11 283 <>11-283-35
222 0 11 284 <>11-284-36
223 0 12 290 <>12-290-1
224 0 12 290 <>12-290-2
225 0 12 290 <>12-290-3
226 0 12 291 <>12-291-4
227 0 12 292 <>12-292-5
228 0 13 313 <>13-313-5
229 0 13 316 <>13-316-11
230 0 13 319 <>13-319-21
231 0 13 319 <>13-319-22
232 0 13 322 <>13-322-25
233 0 13 322 <>13-322-27
234 0 13 323 <>13-323-29
235 0 13 325 <>13-325-35
236 0 13 325 <>13-325-36
237 0 13 332 <>13-332-50
238 0 14 338 <>14-338-1
239 0 14 338 <>14-338-2
240 0 14 341 <>14-341-7
241 0 14 341 <>14-341-8
242 0 14 341 <>14-341-9
243 0 14 342 <>14-342-10
244 0 14 343 <>14-343-12
245 0 14 343 <>14-343-13
246 0 14 343 <>14-343-14
247 0 14 343 <>14-343-15
248 0 14 343 <>14-343-16
249 0 14 344 <>14-344-18
250 0 14 345 <>14-345-20
251 0 14 345 <>14-345-22
252 0 14 346 <>14-346-23
253 0 14 346 <>14-346-25
254 0 14 347 <>14-347-28
255 0 14 347 <>14-347-29
256 0 14 347 <>14-347-30
257 0 14 347 <>14-347-31
258 0 14 348 <>14-348-34
259 0 14 348 <>14-348-35
260 0 14 348 <>14-348-36
261 0 14 349 <>14-349-38
262 0 14 350 <>14-350-39
263 0 14 350 <>14-350-40
264 0 14 350 <>14-350-41
265 0 14 350 <>14-350-42
266 0 14 351 <>14-351-43
267 0 14 351 <>14-351-44
268 0 14 352 <>14-352-45
269 0 14 352 <>14-352-46
270 0 14 352 <>14-352-47
271 0 14 352 <>14-352-48
272 0 14 353 <>14-353-52
273 0 14 353 <>14-353-54
274 0 14 354 <>14-354-56
275 0 14 355 <>14-355-61
276 0 14 356 <>14-356-63
277 0 14 356 <>14-356-65
278 0 14 356 <>14-356-67
279 0 14 357 <>14-357-70
280 0 14 358 <>14-358-72
281 0 14 358 <>14-358-73
282 0 14 359 <>14-359-74
283 0 14 359 <>14-359-75
284 0 14 359 <>14-359-72
285 0 14 362 <>14-362-81
286 0 15 369 <>15-369-1
287 0 15 369 <>15-369-2
288 0 15 369 <>15-369-3
289 0 15 370 <>15-370-4
290 0 15 370 <>15-370-5
291 0 15 370 <>15-370-6
292 0 15 370 <>15-370-7
293 0 15 370 <>15-370-8
294 0 15 372 <>15-372-11
295 0 15 372 <>15-372-12
296 0 15 372 <>15-372-13
297 0 15 372 <>15-372-14
298 0 15 373 <>15-373-15
299 0 15 373 <>15-373-16
300 0 15 373 <>15-373-17
301 0 15 374 <>15-374-18
302 0 15 374 <>15-374-19
303 0 15 375 <>15-375-20
304 0 15 375 <>15-375-21
305 0 15 375 <>15-375-22
306 0 15 375 <>15-375-23
307 0 15 375 <>15-375-24
308 0 15 375 <>15-375-25
309 0 15 375 <>15-375-26
310 0 15 377 <>15-377-27
311 0 15 377 <>15-377-28
312 0 15 378 <>15-378-33
313 0 15 378 <>15-378-34
314 0 15 378 <>15-378-35
315 0 15 378 <>15-378-36
316 0 15 379 <>15-379-37
317 0 15 379 <>15-379-38
318 0 15 379 <>15-379-39
319 0 15 379 <>15-379-40
320 0 15 379 <>15-379-41
321 0 15 380 <>15-380-42
322 0 15 380 <>15-380-43
323 0 15 380 <>15-380-44
324 0 15 380 <>15-380-45
325 0 15 380 <>15-380-46
326 0 15 380 <>15-380-47
327 0 15 381 <>15-381-48
328 0 15 381 <>15-381-49
329 0 15 381 <>15-381-50
330 0 15 381 <>15-381-51
331 0 15 381 <>15-381-52
332 0 15 382 <>15-382-53
333 0 15 382 <>15-382-54
334 0 16 395 <>16-395-9
335 0 16 397 <>16-397-11
336 0 16 403 <>16-403-25
337 0 17 406 <>17-406-1
338 0 17 408 <>17-408-2
339 0 17 409 <>17-409-3
340 0 17 409 <>17-409-4
341 0 17 410 <>17-410-5
342 0 17 411 <>17-411-6
343 0 17 412 <>17-412-7
344 0 17 412 <>17-412-9
345 0 17 413 <>17-413-10
346 0 17 413 <>17-413-12
347 0 17 414 <>17-414-13
348 0 17 414 <>17-414-14
349 0 17 415 <>17-415-15
350 0 17 415 <>17-415-16
351 0 17 416 <>17-416-17
352 0 17 416 <>17-416-18
353 0 17 417 <>17-417-19
354 0 17 417 <>17-417-21
355 0 17 418 <>17-418-22
356 0 17 418 <>17-418-23
357 0 17 418 <>17-418-24
358 0 17 419 <>17-419-25
359 0 17 419 <>17-419-26
360 0 17 420 <>17-420-27
361 0 17 421 <>17-421-28
362 0 17 421 <>17-421-29
363 0 17 421 <>17-421-30
364 0 17 422 <>17-422-31
365 0 17 422 <>17-422-32
366 0 17 423 <>17-423-33
367 0 17 423 <>17-423-34
368 0 17 424 <>17-424-35
369 0 18 433 <>18-433-1
370 0 18 433 <>18-433-2
371 0 18 433 <>18-433-3
372 0 18 433 <>18-433-4
373 0 18 433 <>18-433-5
374 0 18 434 <>18-434-6
375 0 18 434 <>18-434-7
376 0 18 434 <>18-434-8
377 0 18 434 <>18-434-9
378 0 18 434 <>18-434-10
379 0 18 435 <>18-435-11
380 0 18 436 <>18-436-12
381 0 18 436 <>18-436-13
382 0 18 436 <>18-436-14
383 0 18 436 <>18-436-15
384 0 18 436 <>18-436-16
385 0 18 437 <>18-437-17
386 0 18 437 <>18-437-18
387 0 18 437 <>18-437-19
388 0 18 437 <>18-437-20
389 0 18 438 <>18-438-21
390 0 18 438 <>18-438-22
391 0 18 438 <>18-438-23
392 0 18 438 <>18-438-24
393 0 18 438 <>18-438-25
394 0 18 438 <>18-438-26
395 0 18 439 <>18-439-27
396 0 18 439 <>18-439-28
397 0 18 440 <>18-440-29
398 0 18 440 <>18-440-30
399 0 18 440 <>18-440-31
400 0 18 440 <>18-440-32
401 0 18 441 <>18-441-33
402 0 18 441 <>18-441-34
403 0 18 441 <>18-441-35
404 0 18 442 <>18-442-36
405 0 18 442 <>18-442-37
406 0 18 443 <>18-443-38
407 0 18 443 <>18-443-39
408 0 18 443 <>18-443-40
409 0 18 444 <>18-444-41
410 0 18 444 <>18-444-42
411 0 18 444 <>18-444-43
412 0 18 445 <>18-445-44
413 0 18 445 <>18-445-45
414 0 18 445 <>18-445-46
415 0 18 446 <>18-446-25
416 0 19 450 <>19-450-1
417 0 19 450 <>19-450-2
418 0 19 451 <>19-451-3
419 0 19 451 <>19-451-4
420 0 19 452 <>19-452-6
421 0 19 452 <>19-452-7
422 0 19 452 <>19-452-8
423 0 19 455 <>19-455-9
424 0 19 456 <>19-456-12
425 0 19 456 <>19-456-13
426 0 19 456 <>19-456-14
427 0 19 456 <>19-456-15
428 0 19 457 <>19-457-16
429 0 19 457 <>19-457-17
430 0 19 457 <>19-457-18
431 0 19 458 <>19-458-9
432 0 19 458 <>19-458-21
433 0 19 458 <>19-458-22
434 0 19 459 <>19-459-23
435 0 19 459 <>19-459-24
436 0 19 459 <>19-459-25
437 0 19 460 <>19-460-28
438 0 19 460 <>19-460-29
439 0 19 461 <>19-461-30
440 0 19 461 <>19-461-31
441 0 19 461 <>19-461-32
442 0 19 461 <>19-461-33
443 0 19 461 <>19-461-34
444 0 19 461 <>19-461-35
445 0 19 461 <>19-461-36
446 0 19 462 <>19-462-37
447 0 19 462 <>19-462-38
448 0 19 462 <>19-462-39
449 0 19 462 <>19-462-40
450 0 19 462 <>19-462-41
451 0 19 462 <>19-462-42
452 0 19 463 <>19-463-43
453 0 19 463 <>19-463-44
454 0 21 503 <>21-503-1
455 0 21 503 <>21-503-2
456 0 21 503 <>21-503-3
457 0 21 503 <>21-503-4
458 0 21 504 <>21-504-5
459 0 21 504 <>21-504-6
460 0 21 506 <>21-506-7
461 0 22 511 <>22-511-1
462 0 22 512 <>22-512-2
463 0 22 512 <>22-512-3
464 0 22 521 <>22-521-7
465 0 22 521 <>22-521-9
466 0 22 522 <>22-522-10
467 0 22 525 <>22-525-14
468 0 22 523 <>22-523-12
469 0 22 526 <>22-526-15
470 0 22 526 <>22-526-16
471 0 23 541 <>23-541-1
472 0 23 542 <>23-542-2
473 0 23 546 <>23-546-3
474 0 23 546 <>23-546-4
475 0 23 546 <>23-546-5
476 0 23 546 <>23-546-6
477 0 23 546 <>23-546-7
478 0 23 546 <>23-546-8
479 0 23 547 <>23-547-9
480 0 23 547 <>23-547-10
481 0 23 547 <>23-547-11
482 0 23 547 <>23-547-12
483 0 23 547 <>23-547-13
484 0 23 547 <>23-547-14
485 0 23 547 <>23-547-15
486 0 23 548 <>23-548-16
487 0 23 549 <>23-549-17
488 0 23 549 <>23-549-18
489 0 23 549 <>23-549-19
490 0 23 549 <>23-549-20
491 0 23 550 <>23-550-21
492 0 23 550 <>23-550-22
493 0 23 551 <>23-551-23
494 0 23 552 <>23-552-24
495 0 23 552 <>23-552-25
496 0 23 553 <>23-553-26
497 0 23 555 <>23-555-27
498 0 23 556 <>23-556-28
499 0 23 556 <>23-556-29
500 0 23 557 <>23-557-30
501 0 23 557 <>23-557-31
502 0 23 557 <>23-557-32
503 0 23 558 <>23-558-33
504 0 23 558 <>23-558-34
505 0 23 558 <>23-558-35
506 0 24 576 <>24-576-5
507 0 24 577 <>24-577-6
508 0 24 578 <>24-578-7
509 0 24 578 <>24-578-8
510 0 24 582 <>24-582-15
511 0 25 586 <>25-586-3
512 0 25 586 <>25-586-4
513 0 25 593 <>25-593-13
514 0 26 603 <>26-603-1
515 0 26 603 <>26-603-2
516 0 26 617 <>26-617-10
517 0 26 618 <>26-618-11
518 0 26 618 <>26-618-12
519 0 26 618 <>26-618-13
520 0 26 618 <>26-618-14
521 0 26 618 <>26-618-15
522 0 27 632 <>27-632-2
523 0 27 632 <>27-632-3
524 0 27 632 <>27-632-4
525 0 27 638 <>27-638-11
526 0 27 642 <>27-642-13
527 0 28 658 <>28-658-1
528 0 28 661 <>28-661-4
529 0 28 662 <>28-662-5
530 0 28 664 <>28-664-7
531 0 28 665 <>28-665-9
532 0 28 665 <>28-665-10
533 0 28 666 <>28-666-11
534 0 28 668 <>28-668-13
535 0 28 668 <>28-668-14
536 0 28 668 <>28-668-0
537 0 28 669 <>28-669-16
538 0 28 669 <>28-669-17
539 0 28 669 <>28-669-18
540 0 28 670 <>28-670-19
541 0 28 671 <>28-671-22
542 0 28 675 <>28-675-24
543 0 28 675 <>28-675-25
544 0 28 675 <>28-675-26
545 0 28 675 <>28-675-27
546 0 29 687 <>29-687-2
547 0 29 687 <>29-687-3
548 0 29 689 <>29-689-5
549 0 0 0 <>0-0-6
550 0 29 691 <>29-691-7
551 0 29 694 <>29-694-8
552 0 29 694 <>29-694-9
553 0 30 698 <>30-698-1
554 0 30 699 <>30-699-2
555 0 30 700 <>30-700-3
556 0 30 700 <>30-700-4
557 0 30 702 <>30-702-7
558 0 30 703 <>30-703-10
559 0 30 703 <>30-703-11
560 0 30 704 <>30-704-12
561 0 30 704 <>30-704-13
562 0 30 705 <>30-705-14
563 0 30 705 <>30-705-15
564 0 30 705 <>30-705-16
565 0 30 706 <>30-706-17
566 0 30 706 <>30-706-18
567 0 30 707 <>30-707-19
568 0 30 707 <>30-707-20
569 0 30 708 <>30-708-21
570 0 30 708 <>30-708-22
571 0 30 708 <>30-708-23
572 0 30 708 <>30-708-24
573 0 30 708 <>30-708-25
574 0 30 709 <>30-709-26
575 0 30 709 <>30-709-27
576 0 30 709 <>30-709-28
577 0 30 709 <>30-709-29
578 0 30 709 <>30-709-30
579 0 30 710 <>30-710-31
580 0 30 710 <>30-710-32
581 0 30 711 <>30-711-33
582 0 30 711 <>30-711-34
583 0 30 711 <>30-711-35
584 0 30 711 <>30-711-36
585 0 30 712 <>30-712-37
586 0 30 712 <>30-712-38
587 0 30 712 <>30-712-39
588 0 30 712 <>30-712-40
589 0 30 713 <>30-713-41
590 0 30 714 <>30-714-42
591 0 30 714 <>30-714-43
592 0 30 714 <>30-714-44
593 0 30 714 <>30-714-45
594 0 30 715 <>30-715-46
595 0 30 715 <>30-715-47
596 0 30 715 <>30-715-48
597 0 30 715 <>30-715-49
598 0 30 716 <>30-716-50
599 0 30 716 <>30-716-52
600 0 30 716 <>30-716-53
601 0 30 716 <>30-716-54
602 0 30 717 <>30-717-55
603 0 30 717 <>30-717-56
604 0 30 717 <>30-717-57
605 0 30 717 <>30-717-58
606 0 30 718 <>30-718-59
607 0 30 718 <>30-718-61
608 0 32 747 <>32-747-1
609 0 32 747 <>32-747-2
610 0 32 753 <>32-753-8
611 0 32 756 <>32-756-12
612 0 32 756 <>32-756-13
613 0 32 758 <>32-758-14
614 0 32 759 <>32-759-15
615 0 32 759 <>32-759-16
616 0 32 761 <>32-761-18
617 0 32 763 <>32-763-22
